,playername,gamesPlayed,groundOuts,airOuts,runs,doubles,triples,homeRuns,strikeOuts,baseOnBalls,intentionalWalks,hits,hitByPitch,avg,atBats,obp,slg,ops,caughtStealing,stolenBases,stolenBasePercentage,groundIntoDoublePlay,numberOfPitches,plateAppearances,totalBases,rbi,leftOnBase,sacBunts,sacFlies,babip,groundOutsToAirouts,catchersInterference,atBatsPerHomeRun,gamesStarted,assists,putOuts,errors,chances,fielding,rangeFactorPerGame,rangeFactorPer9Inn,innings,games,doublePlays,triplePlays,throwingErrors,era,inningsPitched,wins,losses,saves,saveOpportunities,holds,blownSaves,earnedRuns,whip,battersFaced,outs,gamesPitched,completeGames,shutouts,strikes,strikePercentage,hitBatsmen,balks,wildPitches,pickoffs,winPercentage,pitchesPerInning,gamesFinished,strikeoutWalkRatio,strikeoutsPer9Inn,walksPer9Inn,hitsPer9Inn,runsScoredPer9,homeRunsPer9,inheritedRunners,inheritedRunnersScored,passedBall,catcherERA
649557,Aledmys Diaz,6,65,83,32,12,0,11,47,18,0,67,2,.257,261,.309,.429,.738,1,1,.500,7,1042,282,112,34,106,0,1,.275,0.78,0,23.73,6,0,0,0,0,.000,0.00,-.--,0.0,6,0,0,0,,,,,,,,,,,,,,,,,,,,,,,,,,,,,,,,,,
608324,Alex Bregman,138,113,184,86,35,0,21,72,82,1,130,10,.265,490,.376,.465,.841,2,1,.333,17,2284,591,228,85,229,0,9,.268,0.61,0,23.33,137,226,129,7,362,.981,2.57,2.62,1220.1,138,35,0,3,,,,,,,,,,,,,,,,,,,,,,,,,,,,,,,,,,
650556,Bryan Abreu,48,43,38,15,7,0,2,79,22,0,39,4,.197,198,.289,.263,.552,1,3,.750,6,923,,52,,,0,1,,1.13,0,,0,6,1,0,7,1.000,0.15,1.15,55.2,48,0,0,0,1.94,55.2,4,0,2,2,6,0,12,1.10,225,167,48,0,0,574,.620,4,0,7,0,1.000,16.58,16,3.59,12.77,3.56,6.31,2.43,0.32,21,8,,
676801,Chas McCormick,1,75,75,40,11,2,13,93,40,0,73,1,.232,315,.319,.403,.722,2,2,.500,5,1391,357,127,41,120,0,1,.286,1.00,0,24.23,1,0,0,0,0,.000,0.00,-.--,0.0,1,0,0,0,,,,,,,,,,,,,,,,,,,,,,,,,,,,,,,,,,
543877,Christian Vazquez,1,21,24,5,1,0,0,11,4,0,17,0,.233,73,.273,.247,.520,3,10,.769,1,296,77,18,6,31,0,0,.274,0.88,0,-.--,0,0,1,0,1,1.000,1.00,9.00,1.0,1,0,0,0,,,,,,,,,,,,,,,,,,,,6,0,,,,,,,,,,,,0,2.93
664299,Cristian Javier,27,61,157,44,18,1,17,173,46,0,85,6,.180,473,.260,.330,.590,2,9,.818,3,2293,,156,,,2,1,,0.39,0,,22,1,2,0,3,1.000,0.11,0.21,131.2,27,0,0,0,2.87,131.2,9,9,0,0,1,0,42,0.99,528,395,27,0,0,1450,.630,6,1,5,0,.500,17.42,0,3.76,11.83,3.14,5.81,3.01,1.16,0,0,,
682073,David Hensley,5,6,2,4,2,0,0,5,4,0,6,0,.316,19,.435,.421,.856,0,0,.---,2,91,23,8,2,9,0,0,.429,3.00,0,-.--,4,0,0,0,0,.000,0.00,-.--,0.0,5,0,0,0,,,,,,,,,,,,,,,,,,,,,,,,,,,,,,,,,,
664285,Framber Valdez,27,252,96,56,21,1,9,169,61,0,140,11,.214,653,.292,.291,.583,0,7,1.000,23,2647,,190,,,2,2,,2.63,0,,27,20,5,1,26,.962,0.93,1.26,179.2,27,0,0,1,2.55,179.2,15,5,0,0,0,0,51,1.12,729,539,27,3,1,1711,.650,11,1,10,0,.750,14.73,0,2.77,8.47,3.06,7.01,2.81,0.45,0,0,,
593576,Hector Neris,64,37,66,24,13,1,3,73,15,0,42,6,.193,218,.264,.303,.567,1,3,.750,4,922,,66,,,0,0,,0.56,0,,0,2,2,0,4,1.000,0.06,0.60,60.2,64,1,0,0,3.41,60.2,5,4,3,6,25,3,23,0.94,239,182,64,0,0,615,.670,6,1,5,0,.556,15.20,24,4.87,10.83,2.23,6.23,3.56,0.45,7,1,,
686613,Hunter Brown,2,14,8,2,2,1,0,11,3,0,8,0,.195,41,.250,.293,.543,1,0,.000,2,161,,12,,,0,0,,1.75,0,,2,1,1,0,2,1.000,1.00,1.50,12.0,2,0,0,0,1.50,12.0,2,0,0,0,0,0,2,0.92,44,36,2,0,0,113,.700,0,0,0,0,1.000,13.42,0,3.67,8.25,2.25,6.00,1.50,0.00,0,0,,
665161,Jeremy Pena,119,128,102,61,18,1,18,126,19,0,116,6,.249,466,.284,.408,.692,2,10,.833,5,1804,500,190,49,180,1,5,.300,1.25,3,25.89,118,317,133,15,465,.968,3.78,3.86,1050.0,119,59,0,8,,,,,,,,,,,,,,,,,,,,,,,,,,,,,,,,,,
514888,Jose Altuve,2,122,135,86,33,0,24,84,59,2,138,9,.289,478,.377,.508,.885,1,17,.944,12,2112,547,243,52,123,0,1,.307,0.90,0,19.92,2,0,0,0,0,.000,0.00,-.--,0.0,2,0,0,0,,,,,,,,,,,,,,,,,,,,,,,,,,,,,,,,,,
664353,Jose Urquidy,26,122,199,65,33,0,24,121,33,0,142,7,.245,579,.292,.427,.719,3,8,.727,8,2409,,247,,,0,5,,0.61,0,,26,10,4,0,14,1.000,0.54,0.83,151.0,26,1,0,0,3.75,151.0,13,6,0,0,0,0,63,1.16,624,453,26,0,0,1638,.680,7,0,5,0,.684,15.95,0,3.67,7.21,1.97,8.46,3.87,1.43,0,0,,
434378,Justin Verlander,25,121,179,39,12,1,12,163,27,0,104,5,.185,562,.227,.274,.501,3,8,.727,7,2336,,154,,,1,4,,0.68,0,,25,14,4,0,18,1.000,0.72,1.03,157.0,25,2,0,0,1.78,157.0,17,3,0,0,0,0,31,0.83,599,471,25,0,0,1595,.680,5,0,2,0,.850,14.88,0,6.04,9.34,1.55,5.96,2.24,0.69,0,0,,
663656,Kyle Tucker,3,111,166,66,26,1,27,86,55,3,128,0,.262,489,.335,.485,.820,3,22,.880,10,2066,549,237,97,226,0,2,.267,0.67,3,18.11,3,0,0,0,0,.000,0.00,-.--,0.0,3,0,0,0,,,,,,,,,,,,,,,,,,,,,,,,,,,,,,,,,,
621121,McCullers Jr.,6,32,31,9,6,0,2,37,19,0,25,0,.202,124,.306,.298,.604,1,2,.667,3,563,,37,,,0,1,,1.03,0,,6,1,2,0,3,1.000,0.50,0.79,34.2,6,0,0,0,2.34,34.2,3,1,0,0,0,0,9,1.27,144,104,6,0,0,337,.600,0,0,1,0,.750,16.24,0,1.95,9.61,4.93,6.49,2.34,0.52,0,0,,
671277,Luis Garcia,59,94,56,24,18,2,6,64,8,1,85,1,.288,295,.306,.424,.730,4,2,.333,4,1077,308,125,36,132,1,3,.346,1.68,0,49.17,58,128,69,13,210,.938,3.34,3.52,503.1,59,27,0,10,,,,,,,,,,,,,,,,,,,,,,,,,,,,,,,,,,
455117,Martin Maldonado,102,79,79,32,12,0,12,105,21,0,54,7,.173,312,.240,.327,.567,13,38,.745,5,1371,345,102,39,160,3,2,.213,1.00,0,26.00,99,41,916,2,959,.998,9.38,9.99,862.2,102,3,0,2,,,,,,,,,,,,,,,,,,,,29,1,,,,,,,,,,,,8,2.96
643289,Mauricio Dubon,1,10,23,10,1,0,2,4,1,0,11,0,.239,46,.245,.391,.636,0,0,.---,0,149,49,18,8,32,0,2,.214,0.43,0,23.00,0,0,0,0,0,.000,0.00,-.--,0.0,1,0,0,0,,,,,,,,,,,,,,,,,,,,,,,,,,,,,,,,,,
664208,Phil Maton,59,49,54,30,7,1,8,61,22,2,51,7,.242,211,.329,.398,.727,1,2,.667,7,953,,84,,,1,3,,0.91,0,,0,5,1,1,7,.857,0.10,0.96,56.2,59,1,0,1,3.81,56.2,0,2,0,2,13,2,24,1.29,244,170,59,0,0,609,.640,7,0,0,0,.000,16.82,7,2.77,9.69,3.49,8.10,4.76,1.27,25,5,,
606160,Rafael Montero,63,64,48,19,7,1,2,64,21,2,42,2,.194,217,.271,.263,.534,0,7,1.000,8,967,,57,,,1,0,,1.33,0,,0,4,2,1,7,.857,0.10,0.90,60.2,63,0,0,1,2.37,60.2,4,2,13,15,20,2,16,1.04,241,182,63,0,0,616,.640,2,0,1,0,.667,15.94,23,3.05,9.49,3.12,6.23,2.82,0.30,19,4,,
519151,Ryan Pressly,42,35,29,15,2,1,3,53,9,0,28,0,.197,142,.243,.289,.532,1,0,.000,5,588,,41,,,2,1,,1.21,0,,0,3,2,0,5,1.000,0.12,1.13,40.2,42,0,0,0,3.10,40.2,3,3,28,32,0,4,14,0.91,154,122,42,0,0,383,.650,0,0,0,0,.500,14.46,37,5.89,11.73,1.99,6.20,3.32,0.66,4,2,,
592773,Ryne Stanek,53,33,52,7,6,0,2,56,30,1,31,0,.182,170,.302,.253,.555,2,4,.667,5,805,,43,,,0,2,,0.63,0,,0,1,0,0,1,1.000,0.02,0.18,49.1,53,0,0,0,1.09,49.1,2,1,1,4,15,3,6,1.24,202,148,53,0,0,486,.600,0,0,4,0,.667,16.32,10,1.87,10.22,5.47,5.66,1.28,0.36,21,9,,
641820,Trey Mancini,18,25,31,15,5,0,7,38,15,0,23,1,.198,116,.293,.422,.715,0,0,.---,2,543,133,49,20,53,0,1,.222,0.81,0,16.57,16,0,0,0,0,.000,0.00,-.--,0.0,18,0,0,0,,,,,,,,,,,,,,,,,,,,,,,,,,,,,,,,,,
669257,Will Smith,22,92,164,61,24,1,22,81,55,4,115,10,.257,448,.348,.462,.810,9,41,.820,9,2130,517,207,82,214,0,4,.266,0.56,0,20.36,21,0,0,0,0,.000,0.00,-.--,0.0,22,0,0,0,,,,,,,,,,,,,,,,,,,,28,1,,,,,,,,,,,,4,2.62
673237,Yainer Diaz,1,1,2,0,0,0,0,0,1,0,0,0,.000,3,.250,.000,.250,0,0,.---,0,14,4,0,1,2,0,0,.000,0.50,0,-.--,1,0,0,0,0,.000,0.00,-.--,0.0,1,0,0,0,,,,,,,,,,,,,,,,,,,,0,0,,,,,,,,,,,,0,0.00
670541,Yordan Alvarez,67,108,95,88,22,2,36,94,72,9,127,6,.304,418,.408,.624,1.032,1,1,.500,12,1978,502,261,88,197,0,6,.310,1.14,0,11.61,67,0,0,0,0,.000,0.00,-.--,0.0,67,0,0,0,,,,,,,,,,,,,,,,,,,,,,,,,,,,,,,,,,
493329,Yuli Gurriel,1,130,180,50,37,0,8,66,28,0,120,6,.243,493,.291,.367,.658,0,8,1.000,13,1931,530,181,46,238,0,3,.265,0.72,0,61.62,1,0,0,0,0,.000,0.00,-.--,0.0,1,0,0,0,,,,,,,,,,,,,,,,,,,,,,,,,,,,,,,,,,
676265,,13,20,53,17,9,0,8,32,16,0,30,3,.222,135,.318,.467,.785,0,3,1.000,0,605,,63,,,0,0,,0.38,0,,6,1,1,0,2,1.000,0.15,0.51,35.0,13,0,0,0,4.37,35.0,0,2,0,0,0,0,17,1.31,154,105,13,0,0,379,.630,3,0,1,0,.000,17.29,7,2.00,8.23,4.11,7.71,4.37,2.06,2,0,,
647351,Abraham Toro,21,80,103,32,11,1,9,51,21,1,51,1,.181,282,.238,.323,.561,0,1,1.000,4,1153,307,91,30,113,0,3,.187,0.78,0,31.33,18,0,0,0,0,.000,0.00,-.--,0.0,21,0,0,0,,,,,,,,,,,,,,,,,,,,,,,,,,,,,,,,,,
624428,Adam Frazier,8,149,170,59,19,4,3,65,44,1,117,5,.238,492,.304,.311,.615,5,9,.643,12,1991,550,153,35,191,4,5,.266,0.88,0,164.00,7,0,0,0,0,.000,0.00,-.--,0.0,8,0,0,0,,,,,,,,,,,,,,,,,,,,,,,,,,,,,,,,,,
662253,Andres Munoz,58,42,36,19,4,0,5,90,15,3,39,4,.190,205,.257,.283,.540,1,5,.833,4,944,,58,,,0,2,,1.17,0,,0,4,3,0,7,1.000,0.12,1.09,58.2,58,0,0,0,2.61,58.2,2,5,3,6,21,3,17,0.92,226,176,58,0,0,645,.680,4,0,4,0,.286,16.09,10,6.00,13.81,2.30,5.98,2.91,0.77,22,3,,
663728,Cal Raleigh,105,55,107,41,18,1,23,107,33,0,68,2,.204,333,.277,.471,.748,23,48,.676,5,1451,372,157,54,162,0,4,.217,0.51,1,14.48,91,25,836,6,867,.993,8.20,9.19,843.0,105,3,0,4,,,,,,,,,,,,,,,,,,,,21,0,,,,,,,,,,,,3,3.12
467793,Carlos Santana,32,50,66,27,5,0,13,42,28,1,35,2,.183,191,.291,.414,.705,0,0,.---,7,908,223,79,31,82,0,2,.159,0.76,0,14.69,31,0,0,0,0,.000,0.00,-.--,0.0,32,0,0,0,,,,,,,,,,,,,,,,,,,,,,,,,,,,,,,,,,
623167,Chris Flexen,27,107,179,57,25,3,16,87,48,3,125,2,.254,492,.321,.415,.736,0,4,1.000,6,2041,,204,,,2,4,,0.60,0,,21,9,6,1,16,.938,0.56,1.06,127.0,27,1,0,1,3.83,127.0,7,9,2,2,0,0,54,1.36,548,381,27,0,0,1257,.620,2,0,6,0,.438,16.07,6,1.81,6.17,3.40,8.86,4.04,1.13,0,0,,
592200,Curt Casali,1,20,29,13,3,0,4,36,15,0,25,1,.231,108,.325,.370,.695,3,13,.813,1,566,126,40,14,55,0,2,.300,0.69,1,27.00,1,0,0,0,0,.000,0.00,-.--,0.0,1,0,0,0,,,,,,,,,,,,,,,,,,,,8,0,,,,,,,,,,,,1,3.26
660636,Diego Castillo,1,3,1,8,0,0,1,1,3,0,6,1,.545,11,.667,.818,1.485,0,0,.---,1,60,264,9,27,89,0,0,.232,3.00,0,22.18,1,0,0,0,0,.000,0.00,-.--,0.0,1,0,0,0,36.00,2.0,0,0,0,0,0,0,8,4.50,15,6,2,0,0,26,.430,1,0,0,0,.---,30.00,2,0.33,4.50,13.50,27.00,36.00,4.50,0,0,,
657024,Erik Swanson,50,29,49,6,6,0,3,61,8,1,32,1,.189,169,.230,.278,.508,1,2,.667,1,776,,47,,,2,0,,0.59,0,,1,4,3,0,7,1.000,0.14,1.34,47.1,50,0,0,0,1.14,47.1,2,0,3,4,13,1,6,0.85,180,142,50,0,0,536,.690,1,0,1,1,1.000,16.39,8,7.63,11.60,1.52,6.08,1.14,0.57,9,1,,
553993,Eugenio Suarez,16,82,130,72,23,2,31,183,71,0,120,8,.235,511,.335,.470,.805,0,0,.---,10,2458,594,240,84,208,0,4,.296,0.63,0,16.48,15,0,0,0,0,.000,0.00,-.--,0.0,16,0,0,0,,,,,,,,,,,,,,,,,,,,,,,,,,,,,,,,,,
669923,George Kirby,21,95,119,42,18,1,12,115,14,0,113,5,.258,438,.287,.386,.673,3,9,.750,7,1758,,169,,,1,3,,0.80,0,,21,9,6,0,15,1.000,0.71,1.22,111.2,21,1,0,0,2.98,111.2,7,3,0,0,0,0,37,1.14,461,335,21,0,0,1211,.690,5,0,3,1,.700,15.74,0,8.21,9.27,1.13,9.11,3.39,0.97,0,0,,
641487,J.P. Crawford,129,139,150,53,24,2,6,69,56,0,117,6,.250,468,.335,.348,.683,2,3,.600,9,2163,537,163,38,182,2,5,.279,0.93,0,78.00,128,290,146,13,449,.971,3.38,3.50,1122.0,129,63,0,6,,,,,,,,,,,,,,,,,,,,,,,,,,,,,,,,,,
571875,Jake Lamb,5,3,8,3,1,0,1,13,3,0,5,1,.172,29,.273,.310,.583,0,0,.---,0,159,33,9,2,14,0,0,.267,0.38,0,29.00,3,0,7,0,7,1.000,1.40,2.86,22.0,5,0,0,0,,,,,,,,,,,,,,,,,,,,,,,,,,,,,,,,,,
608385,Jesse Winker,12,105,139,46,15,0,13,96,79,1,95,2,.220,432,.341,.345,.686,0,0,.---,8,2106,516,149,48,179,0,3,.252,0.76,0,33.23,11,0,0,0,0,.000,0.00,-.--,0.0,12,0,0,0,,,,,,,,,,,,,,,,,,,,,,,,,,,,,,,,,,
677594,Julio Rodriguez,125,107,108,80,23,3,27,140,40,4,137,8,.279,491,.343,.503,.846,7,25,.781,6,2033,540,247,73,176,0,1,.338,0.99,0,18.18,125,3,352,6,361,.983,2.84,2.91,1097.2,125,0,0,2,,,,,,,,,,,,,,,,,,,,,,,,,,,,,,,,,,
669302,Logan Gilbert,29,136,194,64,37,2,17,156,45,2,156,5,.245,636,.299,.390,.689,4,6,.600,10,2740,,248,,,3,3,,0.70,0,,29,13,14,1,28,.964,0.93,1.46,166.2,29,1,0,1,3.19,166.2,12,6,0,0,0,0,59,1.21,692,500,29,0,0,1776,.650,5,0,4,0,.667,16.44,0,3.47,8.42,2.43,8.42,3.46,0.92,0,0,,
622379,Luis Castillo,3,5,3,0,0,0,0,4,0,0,2,0,.143,14,.143,.143,.286,0,0,.---,0,60,,2,,,0,0,,1.67,0,,0,0,0,0,0,.000,0.00,0.00,3.2,3,0,0,0,0.00,3.2,0,0,0,0,0,0,0,0.55,14,11,3,0,0,38,.630,0,0,0,0,.---,16.36,1,-.--,9.82,0.00,4.91,0.00,0.00,2,0,,
594835,Marco Gonzales,28,175,200,80,41,0,24,88,45,1,165,7,.267,619,.321,.449,.770,2,8,.800,15,2480,,278,,,3,6,,0.88,0,,28,8,7,0,15,1.000,0.54,0.85,159.2,28,1,0,0,3.89,159.2,10,13,0,0,0,0,69,1.32,680,479,28,0,0,1632,.660,7,0,1,1,.435,15.53,0,1.96,4.96,2.54,9.30,4.51,1.35,0,0,,
666374,Matt Brash,30,0,0,0,0,0,0,0,0,0,0,0,.000,0,.000,.000,.000,0,0,.---,0,0,0,0,0,0,0,0,.---,-.--,0,-.--,5,5,2,1,8,.875,0.23,1.43,44.0,30,1,0,0,4.30,44.0,3,4,0,0,7,0,21,1.61,193,132,30,0,0,508,.620,1,0,3,0,.429,18.50,1,1.83,10.84,5.93,8.59,4.30,0.61,12,0,,
571510,Matthew Boyd,4,6,4,0,0,0,0,4,5,2,1,0,.067,15,.300,.067,.367,0,0,.---,1,62,,1,,,0,0,,1.50,0,,0,0,1,0,1,1.000,0.25,1.80,5.0,4,0,0,0,0.00,5.0,1,0,0,0,0,0,0,1.20,20,15,4,0,0,36,.580,0,0,0,0,1.000,12.40,0,0.80,7.20,9.00,1.80,0.00,0.00,0,0,,
670036,Matthew Festa,47,31,47,22,6,2,9,57,14,0,39,2,.227,172,.293,.442,.735,0,5,1.000,3,773,,76,,,2,0,,0.66,0,,0,4,4,0,8,1.000,0.17,1.57,46.1,47,1,0,0,4.08,46.1,2,0,2,3,6,1,21,1.14,190,139,47,0,0,517,.670,2,0,1,0,1.000,16.68,12,4.07,11.07,2.72,7.58,4.27,1.75,11,6,,
571745,Mitch Haniger,12,33,50,19,6,0,7,43,12,1,38,1,.233,163,.288,.399,.687,0,0,.---,4,711,177,65,23,60,0,1,.272,0.66,0,23.29,12,0,0,0,0,.000,0.00,-.--,0.0,12,0,0,0,,,,,,,,,,,,,,,,,,,,,,,,,,,,,,,,,,
623149,Paul Sewald,60,40,66,19,4,0,8,67,16,4,29,4,.145,200,.222,.285,.507,2,4,.667,0,903,0,57,0,0,1,1,.---,0.61,0,-.--,0,12,3,0,15,1.000,0.25,2.33,58.1,60,0,0,0,2.62,58.1,4,4,19,24,6,5,17,0.77,222,175,60,0,0,593,.660,4,0,1,0,.500,15.48,36,4.19,10.34,2.47,4.47,2.93,1.23,14,5,,
682171,Penn Murfee,56,43,70,17,8,1,5,65,15,1,39,2,.181,215,.239,.298,.537,0,3,1.000,3,857,0,64,0,0,0,2,.---,0.61,0,-.--,1,2,2,0,4,1.000,0.07,0.60,60.1,56,0,0,0,2.54,60.1,4,0,0,0,6,0,17,0.90,234,181,56,0,0,587,.680,2,0,2,0,1.000,14.20,13,4.33,9.70,2.24,5.82,2.54,0.75,24,4,,
592662,Robbie Ray,29,138,161,72,28,5,28,194,54,0,146,7,.229,638,.296,.420,.716,8,15,.652,12,2759,,268,,,0,1,,0.86,0,,29,17,6,0,23,1.000,0.79,1.21,171.2,29,1,0,0,3.72,171.2,12,10,0,0,0,0,71,1.17,700,515,29,0,0,1776,.640,7,0,5,6,.545,16.07,0,3.59,10.17,2.83,7.65,3.77,1.47,0,0,,
664059,Sam Haggerty,6,34,28,26,8,1,5,42,11,2,41,3,.287,143,.348,.462,.810,1,12,.923,3,573,159,66,18,64,1,1,.371,1.21,0,28.60,0,0,0,0,0,.000,0.00,-.--,0.0,6,0,0,0,,,,,,,,,,,,,,,,,,,,,,,,,,,,,,,,,,
666211,Taylor Trammell,2,21,26,14,9,0,3,29,12,0,19,0,.204,93,.292,.398,.690,1,2,.667,1,388,107,37,9,44,1,1,.258,0.81,0,31.00,1,0,0,0,0,.000,0.00,-.--,0.0,2,0,0,0,,,,,,,,,,,,,,,,,,,,,,,,,,,,,,,,,,
664034,Ty France,7,141,132,55,23,0,19,80,31,3,132,18,.274,481,.339,.441,.780,0,0,.---,13,1936,535,212,73,185,0,4,.293,1.07,1,25.32,7,0,0,0,0,.000,0.00,-.--,0.0,7,0,0,0,,,,,,,,,,,,,,,,,,,,,,,,,,,,,,,,,,
676265,,13,20,53,17,9,0,8,32,16,0,30,3,.222,135,.318,.467,.785,0,3,1.000,0,605,,63,,,0,0,,0.38,0,,6,1,1,0,2,1.000,0.15,0.51,35.0,13,0,0,0,4.37,35.0,0,2,0,0,0,0,17,1.31,154,105,13,0,0,379,.630,3,0,1,0,.000,17.29,7,2.00,8.23,4.11,7.71,4.37,2.06,2,0,,
666969,Adolis Garcia,13,108,142,80,29,5,25,162,36,1,138,4,.253,546,.302,.462,.764,3,24,.889,6,2261,590,252,92,242,0,4,.311,0.76,0,21.84,13,0,0,0,0,.000,0.00,-.--,0.0,13,0,0,0,,,,,,,,,,,,,,,,,,,,,,,,,,,,,,,,,,
656685,Brett Martin,55,64,40,27,14,0,4,40,18,3,50,0,.260,192,.322,.396,.718,0,3,1.000,7,750,0,76,0,0,1,1,.---,1.60,0,-.--,1,7,4,0,11,1.000,0.20,1.98,50.0,55,2,0,0,4.14,50.0,1,7,3,7,7,4,23,1.36,212,150,55,0,0,497,.660,0,0,7,0,.125,15.00,20,2.22,7.20,3.24,9.00,4.86,0.72,33,13,,
656271,Brock Burke,47,61,73,19,13,1,6,81,20,0,53,1,.199,266,.258,.323,.581,1,2,.667,7,1180,,86,,,2,0,,0.84,0,,0,5,1,0,6,1.000,0.13,0.74,73.2,47,1,0,0,1.47,73.2,7,3,0,4,8,4,12,0.99,289,221,47,0,0,761,.640,1,1,2,0,.700,16.02,5,4.05,9.90,2.44,6.48,2.32,0.73,10,2,,
669352,Bubba Thompson,4,26,22,15,4,0,1,39,7,0,33,2,.280,118,.331,.339,.670,2,15,.882,0,466,129,40,8,43,2,0,.410,1.18,0,118.00,4,0,2,0,2,1.000,0.50,0.53,34.0,4,0,0,0,,,,,,,,,,,,,,,,,,,,,,,,,,,,,,,,,,
518586,Charlie Culberson,8,3,3,0,0,0,0,0,1,0,1,0,.143,7,.250,.143,.393,0,0,.---,0,28,118,1,11,43,0,0,.342,1.00,0,109.00,2,0,0,0,0,.000,0.00,-.--,0.0,8,0,0,0,0.00,2.0,0,0,0,0,0,0,0,1.00,8,6,2,0,0,17,.610,0,0,0,0,.---,14.00,2,0.00,0.00,4.50,4.50,0.00,0.00,0,0,,
666142,Cole Ragans,6,24,33,17,4,2,5,17,14,0,26,0,.260,100,.351,.490,.841,2,1,.333,2,472,,49,,,0,0,,0.73,0,,6,0,1,0,1,1.000,0.17,0.36,25.1,6,0,0,0,5.68,25.1,0,2,0,0,0,0,16,1.58,114,76,6,0,0,289,.610,0,0,2,0,.000,18.63,0,1.21,6.04,4.97,9.24,6.04,1.78,0,0,,
608369,Corey Seager,7,156,161,82,20,1,30,94,56,7,132,6,.245,538,.321,.454,.775,0,3,1.000,12,2076,605,244,78,190,0,5,.243,0.97,0,17.93,7,0,0,0,0,.000,0.00,-.--,0.0,7,0,0,0,,,,,,,,,,,,,,,,,,,,,,,,,,,,,,,,,,
641540,Dane Dunning,28,185,112,78,39,2,19,129,61,0,155,11,.271,573,.348,.445,.793,5,7,.583,12,2476,,255,,,0,8,,1.65,1,,28,14,5,1,20,.950,0.68,1.16,148.1,28,1,0,1,4.49,148.1,3,8,0,0,0,0,74,1.46,654,445,28,0,0,1540,.620,11,0,6,0,.273,16.69,0,2.11,7.83,3.70,9.40,4.73,1.15,0,0,,
642701,Dennis Santana,55,57,49,35,11,0,2,48,24,1,44,3,.227,194,.316,.314,.630,0,1,1.000,5,865,,61,,,0,4,,1.16,0,,1,6,1,1,8,.875,0.13,1.24,51.2,55,1,0,1,5.23,51.2,3,7,1,3,18,2,30,1.32,225,155,55,0,0,536,.620,3,0,3,1,.300,16.74,9,2.00,8.36,4.18,7.66,6.10,0.35,36,8,,
657248,Glenn Otto,23,115,128,64,12,1,15,89,58,0,97,13,.229,423,.337,.369,.706,2,16,.889,10,1931,,156,,,1,5,,0.90,1,,23,7,7,2,16,.875,0.61,1.11,114.2,23,0,0,2,4.71,114.2,6,8,0,0,0,0,60,1.35,501,344,23,0,0,1172,.610,13,0,5,0,.429,16.84,0,1.53,6.99,4.55,7.61,5.02,1.18,0,0,,
622786,Jesus Tinoco,11,13,15,3,0,1,1,9,7,0,7,0,.163,43,.275,.279,.554,0,1,1.000,1,216,,12,,,0,1,,0.87,0,,0,2,1,0,3,1.000,0.27,2.25,12.1,11,1,0,0,2.19,12.1,0,0,0,0,4,0,3,1.14,51,37,11,0,0,140,.650,0,0,0,0,.---,17.51,1,1.29,6.57,5.11,5.11,2.19,0.73,9,3,,
667463,John King,34,68,29,22,6,0,5,25,13,3,48,1,.286,168,.339,.411,.750,0,1,1.000,6,638,,69,,,1,1,,2.34,0,,0,5,1,0,6,1.000,0.18,1.29,42.1,34,0,0,0,4.25,42.1,1,3,0,4,8,4,20,1.44,184,127,34,0,0,416,.650,1,0,2,0,.250,15.07,4,1.92,5.31,2.76,10.20,4.68,1.06,10,4,,
592351,Jon Gray,20,94,98,49,17,1,12,121,34,0,90,4,.224,401,.290,.362,.652,1,11,.917,9,1731,,145,,,0,2,,0.96,0,,20,5,5,0,10,1.000,0.50,0.84,107.0,20,2,0,0,3.79,107.0,7,6,0,0,0,0,45,1.16,441,321,20,0,0,1149,.660,4,2,4,0,.538,16.18,0,3.56,10.18,2.86,7.57,4.12,1.01,0,0,,
641680,Jonah Heim,6,91,117,49,20,1,14,79,41,0,86,1,.232,371,.308,.404,.712,13,51,.797,9,1624,415,150,46,162,0,2,.257,0.78,0,26.50,3,0,0,0,0,.000,0.00,-.--,0.0,6,0,0,0,,,,,,,,,,,,,,,,,,,,40,0,,,,,,,,,,,,2,3.87
642546,Jonathan Hernandez,22,33,12,11,4,0,0,22,15,3,21,1,.241,87,.359,.287,.646,2,0,.000,2,409,,25,,,1,0,,2.75,0,,0,1,1,1,3,.667,0.09,0.78,23.1,22,0,0,0,2.70,23.1,2,2,4,5,3,1,7,1.54,104,70,22,0,0,240,.590,1,1,4,0,.500,17.53,15,1.47,8.49,5.79,8.10,4.24,0.00,0,0,,
600917,Jose Leclerc,35,29,53,16,9,0,5,47,18,0,30,3,.190,158,.283,.342,.625,0,3,1.000,2,704,,54,,,0,1,,0.55,0,,0,1,1,0,2,1.000,0.06,0.42,43.2,35,0,0,0,3.09,43.2,0,3,6,7,4,1,15,1.10,180,131,35,0,0,424,.600,3,0,2,0,.000,16.12,17,2.61,9.69,3.71,6.18,3.30,1.03,18,8,,
669701,H. Smith,3,37,59,19,4,0,1,40,21,0,34,6,.204,167,.311,.246,.557,2,3,.600,1,812,197,41,12,56,1,2,.258,0.63,0,167.00,1,0,0,0,0,.000,0.00,-.--,0.0,3,0,0,0,,,,,,,,,,,,,,,,,,,,,,,,,,,,,,,,,,
673962,Josh Jung,1,4,4,3,3,0,2,16,0,0,8,0,.250,32,.250,.531,.781,0,1,1.000,0,124,32,17,4,15,0,0,.429,1.00,0,16.00,1,0,0,0,0,.000,0.00,-.--,0.0,1,0,0,0,,,,,,,,,,,,,,,,,,,,,,,,,,,,,,,,,,
594777,Kole Calhoun,15,76,93,36,14,1,12,126,24,0,75,6,.204,367,.263,.346,.609,2,2,.500,6,1597,400,127,47,153,0,3,.272,0.82,0,30.58,11,0,0,0,0,.000,0.00,-.--,0.0,15,0,0,0,,,,,,,,,,,,,,,,,,,,,,,,,,,,,,,,,,
665750,Leody Taveras,2,53,71,32,13,2,4,74,18,0,74,2,.275,269,.322,.383,.705,5,10,.667,2,1077,292,103,30,119,0,3,.361,0.75,0,67.25,1,0,0,0,0,.000,0.00,-.--,0.0,2,0,0,0,,,,,,,,,,,,,,,,,,,,,,,,,,,,,,,,,,
543760,Marcus Semien,17,125,219,91,28,5,23,105,47,0,146,4,.249,586,.305,.432,.737,7,24,.774,7,2473,646,253,75,206,0,9,.263,0.57,0,25.48,13,43,24,2,69,.971,3.94,4.71,128.0,17,7,0,0,,,,,,,,,,,,,,,,,,,,,,,,,,,,,,,,,,
664029,Mark Mathias,6,5,6,2,0,0,1,4,0,0,2,0,.125,16,.118,.313,.431,0,1,1.000,0,63,17,5,4,6,0,1,.083,0.83,0,16.00,5,10,10,0,20,1.000,3.33,4.62,39.0,6,1,0,0,,,,,,,,,,,,,,,,,,,,,,,,,,,,,,,,,,
527048,Martin Perez,29,202,155,63,35,0,11,159,58,0,163,6,.242,674,.307,.343,.650,1,10,.909,16,2710,,231,,,3,2,,1.30,1,,29,17,5,2,24,.917,0.76,1.12,177.1,29,1,0,2,2.84,177.1,12,6,0,0,0,0,56,1.25,744,532,29,1,1,1715,.630,6,2,6,1,.667,15.28,0,2.74,8.07,2.94,8.27,3.20,0.56,0,0,,
519043,Matt Moore,54,59,59,19,6,3,2,72,35,2,43,1,.187,230,.294,.265,.559,2,7,.778,5,1111,,61,,,0,3,,1.00,0,,0,2,1,0,3,1.000,0.06,0.42,65.0,54,0,0,0,2.08,65.0,4,2,3,4,12,1,15,1.20,269,195,54,0,0,718,.650,1,0,7,1,.667,17.09,13,2.06,9.97,4.85,5.95,2.63,0.28,21,7,,
663993,Nathaniel Lowe,4,136,103,67,24,3,25,127,42,2,163,3,.308,529,.362,.507,.869,2,2,.500,9,2237,574,268,71,198,0,0,.366,1.32,0,21.16,4,0,0,0,0,.000,0.00,-.--,0.0,4,0,0,0,,,,,,,,,,,,,,,,,,,,,,,,,,,,,,,,,,
669256,Nick Solak,11,30,17,14,1,0,3,19,7,0,17,5,.207,82,.309,.329,.638,2,3,.600,1,357,95,27,4,39,1,0,.233,1.76,0,27.33,9,0,0,0,0,.000,0.00,-.--,0.0,11,0,0,0,,,,,,,,,,,,,,,,,,,,,,,,,,,,,,,,,,
669087,Sam Huff,3,24,15,6,3,0,2,33,7,1,23,0,.242,95,.294,.337,.631,3,20,.870,1,371,102,32,8,26,0,0,.350,1.60,1,47.50,3,0,0,0,0,.000,0.00,-.--,0.0,3,0,0,0,,,,,,,,,,,,,,,,,,,,12,0,,,,,,,,,,,,5,5.56
621368,Taylor Hearn,27,77,102,52,27,1,10,93,40,0,96,3,.262,366,.338,.423,.761,2,3,.600,3,1654,,155,,,0,2,,0.75,0,,13,3,2,1,6,.833,0.19,0.49,92.1,27,0,0,1,4.78,92.1,6,7,1,1,1,0,49,1.47,411,277,27,0,0,1055,.640,3,0,3,1,.462,17.91,2,2.33,9.06,3.90,9.36,5.07,0.97,4,1,,
676265,,13,20,53,17,9,0,8,32,16,0,30,3,.222,135,.318,.467,.785,0,3,1.000,0,605,,63,,,0,0,,0.38,0,,6,1,1,0,2,1.000,0.15,0.51,35.0,13,0,0,0,4.37,35.0,0,2,0,0,0,0,17,1.31,154,105,13,0,0,379,.630,3,0,1,0,.000,17.29,7,2.00,8.23,4.11,7.71,4.37,2.06,2,0,,
571901,Aaron Loup,57,60,48,36,13,0,4,49,20,3,48,7,.234,205,.323,.356,.679,2,5,.714,2,870,,73,,,0,0,,1.25,0,,0,9,0,0,9,1.000,0.16,1.59,51.1,57,0,0,0,4.03,51.1,0,5,0,3,16,3,23,1.32,232,154,57,0,0,567,.650,7,0,0,1,.000,16.95,6,2.45,8.59,3.51,8.42,6.31,0.70,29,6,,
681806,Andrew Wantz,36,27,53,18,3,0,8,39,17,0,32,2,.213,150,.300,.393,.693,1,2,.667,5,700,,59,,,0,1,,0.51,0,,1,3,2,0,5,1.000,0.14,1.10,41.2,36,0,0,0,3.67,41.2,2,1,0,1,5,1,17,1.18,170,125,36,0,0,434,.620,2,1,1,0,.667,16.80,7,2.29,8.42,3.67,6.91,3.89,1.73,15,3,,
664058,David Fletcher,34,54,73,19,9,1,2,15,7,0,49,3,.259,189,.296,.349,.645,0,1,1.000,5,637,201,66,15,51,2,0,.273,0.74,0,94.50,21,68,20,0,88,1.000,2.59,4.08,194.1,34,13,0,0,,,,,,,,,,,,,,,,,,,,,,,,,,,,,,,,,,
642545,Jaime Barria,29,76,88,27,11,3,9,48,18,0,54,2,.206,262,.261,.374,.635,0,2,1.000,9,1013,,98,,,3,1,,0.86,0,,1,9,3,0,12,1.000,0.41,1.50,72.2,29,0,0,0,2.60,72.2,2,3,0,3,2,3,21,0.99,286,218,29,0,0,679,.670,2,0,3,1,.400,13.94,20,2.67,5.94,2.23,6.69,3.34,1.11,15,7,,
623474,Jimmy Herget,42,54,66,18,15,0,4,58,15,3,42,3,.194,217,.254,.318,.572,0,6,1.000,4,894,,69,,,2,1,,0.82,0,,1,6,4,0,10,1.000,0.24,1.48,61.1,42,0,0,0,2.49,61.1,2,1,5,8,4,3,17,0.93,238,184,42,0,0,589,.660,3,0,0,0,.667,14.58,9,3.87,8.51,2.20,6.16,2.64,0.59,26,9,,
666176,Jo Adell,1,44,45,19,10,1,7,89,10,0,50,3,.220,227,.261,.366,.627,2,4,.667,6,1000,242,83,21,110,0,1,.326,0.98,1,32.43,0,0,0,0,0,.000,0.00,-.--,0.0,1,0,0,0,,,,,,,,,,,,,,,,,,,,,,,,,,,,,,,,,,
665896,Jose Marte,10,3,13,9,0,1,2,13,15,0,8,0,.216,37,.442,.432,.874,0,2,1.000,1,232,,16,,,0,0,,0.23,0,,0,0,0,0,0,.000,0.00,0.00,10.0,10,0,0,0,8.10,10.0,0,0,0,0,0,0,9,2.30,52,30,10,0,0,123,.530,0,0,0,0,.---,23.20,4,0.87,11.70,13.50,7.20,8.10,1.80,6,2,,
650671,Jose Quijada,36,17,43,14,10,0,3,40,18,4,22,2,.182,121,.296,.339,.635,1,1,.500,1,583,,41,,,0,1,,0.40,0,,0,3,0,1,4,.750,0.08,0.82,33.2,36,0,0,1,3.48,33.2,0,4,3,5,8,2,13,1.19,142,101,36,0,0,373,.640,2,0,1,0,.000,17.32,9,2.22,10.69,4.81,5.88,3.74,0.80,21,4,,
660761,Jose Suarez,19,77,106,40,19,0,12,87,31,2,86,3,.243,354,.308,.398,.706,1,1,.500,3,1509,,141,,,1,1,,0.73,0,,17,2,2,1,5,.800,0.21,0.40,91.1,19,0,0,1,3.84,91.1,6,7,0,0,0,0,39,1.28,390,274,19,0,0,994,.660,3,0,1,0,.462,16.52,0,2.81,8.57,3.05,8.47,3.94,1.18,1,0,,
435559,Kurt Suzuki,2,28,55,10,4,0,4,29,15,0,24,1,.179,134,.263,.299,.562,6,34,.850,3,574,152,40,14,53,0,2,.194,0.51,1,33.50,0,0,0,0,0,.000,0.00,-.--,0.0,2,0,0,0,,,,,,,,,,,,,,,,,,,,14,0,,,,,,,,,,,,2,4.15
650859,Luis Rengifo,4,121,111,39,22,4,13,67,15,0,113,3,.275,411,.305,.443,.748,2,6,.750,8,1537,430,182,44,181,1,0,.302,1.09,0,31.62,0,0,0,0,0,.000,0.00,0.00,5.1,4,0,0,0,,,,,,,,,,,,,,,,,,,,,,,,,,,,,,,,,,
642423,Magneuris Sierra,2,27,21,6,1,3,0,20,4,0,15,0,.183,82,.221,.268,.489,1,6,.857,0,314,87,22,5,31,1,0,.242,1.29,0,-.--,0,0,1,0,1,1.000,0.50,4.50,2.0,2,0,0,0,,,,,,,,,,,,,,,,,,,,,,,,,,,,,,,,,,
622110,Matt Duffy,31,52,44,9,6,0,1,40,13,0,45,1,.249,181,.303,.298,.601,0,0,.---,4,730,195,54,11,66,0,0,.314,1.18,0,181.00,28,47,18,1,66,.985,2.10,2.38,246.2,31,7,0,1,,,,,,,,,,,,,,,,,,,,,,,,,,,,,,,,,,
642136,Matt Thaiss,3,9,6,5,0,0,2,15,3,0,10,0,.256,39,.302,.410,.712,1,4,.800,1,164,43,16,4,16,0,1,.348,1.50,0,19.50,0,3,2,0,5,1.000,1.67,11.25,4.0,3,1,0,0,,,,,,,,,,,,,,,,,,,,3,0,,,,,,,,,,,,0,4.74
545358,Max Stassi,1,84,69,29,11,1,8,102,37,0,56,1,.181,310,.269,.300,.569,12,43,.782,12,1336,349,93,27,136,0,1,.239,1.22,1,38.75,1,0,0,0,0,.000,0.00,-.--,0.0,1,0,0,0,,,,,,,,,,,,,,,,,,,,32,0,,,,,,,,,,,,8,3.76
547179,Michael Lorenzen,15,99,72,44,16,0,11,63,36,0,73,4,.239,306,.326,.399,.725,1,0,.000,13,1358,,122,,,0,1,,1.38,0,,15,9,7,1,17,.941,1.07,1.78,81.2,15,1,0,1,4.74,81.2,7,6,0,0,0,0,43,1.33,347,245,15,0,0,837,.620,4,0,3,0,.538,16.63,0,1.75,6.94,3.97,8.04,4.85,1.21,0,0,,
683021,Michael Stefanic,15,18,9,4,1,0,0,10,4,0,8,2,.178,45,.275,.200,.475,0,0,.---,1,189,51,9,0,19,0,0,.229,2.00,0,-.--,14,27,23,0,50,1.000,3.33,4.69,96.0,15,5,0,0,,,,,,,,,,,,,,,,,,,,,,,,,,,,,,,,,,
666160,Mickey Moniak,1,12,10,4,1,0,0,19,3,0,6,0,.130,46,.184,.152,.336,0,0,.---,0,182,50,7,2,26,1,0,.222,1.20,0,-.--,0,0,0,0,0,.000,0.00,-.--,0.0,1,0,0,0,,,,,,,,,,,,,,,,,,,,,,,,,,,,,,,,,,
645801,Mike Ford,1,1,2,2,0,0,1,0,1,0,1,0,.250,4,.400,1.000,1.400,0,0,.---,0,15,8,4,0,1,0,0,.000,0.50,0,-.--,0,0,0,0,0,.000,0.00,0.00,1.0,1,0,0,0,18.00,1.0,0,0,0,0,0,0,2,2.00,5,3,1,0,0,8,.530,0,0,0,0,.---,15.00,1,0.00,0.00,9.00,9.00,18.00,9.00,0,0,,
594577,Mike Mayers,22,37,61,31,7,0,13,42,17,0,48,2,.258,186,.324,.505,.829,0,3,1.000,4,828,,94,,,0,2,,0.61,0,,3,3,0,0,3,1.000,0.14,0.57,47.1,22,0,0,0,5.51,47.1,1,1,0,1,1,1,29,1.37,207,142,22,0,0,519,.630,2,0,3,0,.500,17.49,6,2.47,7.99,3.23,9.13,5.89,2.47,15,5,,
545361,Mike Trout,6,42,108,73,20,2,36,122,46,6,105,6,.279,377,.366,.629,.995,0,1,1.000,4,1810,429,237,71,130,0,0,.315,0.39,0,10.47,6,0,0,0,0,.000,0.00,-.--,0.0,6,0,0,0,,,,,,,,,,,,,,,,,,,,,,,,,,,,,,,,,,
663776,Patrick Sandoval,24,138,112,51,16,3,8,134,53,0,125,5,.249,502,.324,.341,.665,2,3,.600,13,2176,,171,,,3,4,,1.23,1,,24,11,6,0,17,1.000,0.71,1.16,132.1,24,0,0,0,2.99,132.1,5,9,0,0,0,0,44,1.35,568,397,24,1,1,1397,.640,5,0,5,2,.357,16.44,0,2.53,9.11,3.60,8.50,3.47,0.54,0,0,,
672282,Reid Detmers,22,97,121,49,22,1,13,108,43,1,94,7,.227,414,.307,.379,.686,4,12,.750,9,1914,,157,,,1,5,,0.80,0,,22,12,2,1,15,.933,0.64,1.12,113.0,22,0,0,1,3.82,113.0,5,5,0,0,0,0,48,1.21,470,339,22,1,1,1227,.640,7,0,1,2,.500,16.94,0,2.51,8.60,3.42,7.49,3.90,1.04,0,0,,
572193,Ryan Tepera,52,52,60,26,7,0,7,39,18,2,38,2,.203,187,.279,.353,.632,1,6,.857,5,810,,66,,,1,1,,0.87,0,,0,3,1,0,4,1.000,0.08,0.71,51.1,52,0,0,0,4.03,51.1,4,3,3,8,16,5,23,1.09,209,154,52,0,0,483,.600,2,0,4,0,.571,15.78,8,2.17,6.84,3.16,6.66,4.56,1.23,19,8,,
660271,Shohei Ohtani,135,101,128,42,22,2,14,188,35,0,115,1,.217,530,.266,.345,.611,1,4,.800,7,2245,593,183,88,171,0,2,.301,0.79,1,15.21,112,0,0,0,0,.000,0.00,-.--,0.0,135,0,0,0,2.55,141.0,12,8,0,0,0,0,40,1.06,569,423,24,0,0,1480,.660,1,0,14,0,.600,15.92,0,5.37,12.00,2.23,7.34,2.68,0.89,0,0,,
621493,Taylor Ward,2,83,125,62,16,2,18,108,56,0,115,4,.269,427,.356,.443,.799,3,3,.500,3,2009,491,189,53,151,0,4,.318,0.66,0,23.72,1,0,0,0,0,.000,0.00,-.--,0.0,2,0,0,0,,,,,,,,,,,,,,,,,,,,,,,,,,,,,,,,,,
656353,Tucker Davidson,4,16,19,11,2,1,0,10,13,0,15,1,.254,59,.392,.322,.714,0,2,1.000,1,280,,19,,,0,1,,0.84,0,,3,3,0,0,3,1.000,0.75,1.80,15.1,4,0,0,0,6.46,15.1,1,2,0,0,0,0,11,1.83,74,46,4,0,0,165,.590,1,0,0,0,.333,18.26,1,0.77,5.87,7.63,8.80,6.46,0.00,2,1,,
592848,Zack Weiss,5,5,6,0,1,0,0,7,5,2,2,0,.100,20,.280,.150,.430,0,1,1.000,0,97,,3,,,0,0,,0.83,0,,0,0,0,0,0,.000,0.00,0.00,6.0,5,0,0,0,0.00,6.0,0,0,0,0,0,0,0,1.17,25,18,5,0,0,58,.600,0,0,1,0,.---,16.17,2,1.40,10.50,7.50,3.00,0.00,0.00,3,1,,
676265,,13,20,53,17,9,0,8,32,16,0,30,3,.222,135,.318,.467,.785,0,3,1.000,0,605,,63,,,0,0,,0.38,0,,6,1,1,0,2,1.000,0.15,0.51,35.0,13,0,0,0,4.37,35.0,0,2,0,0,0,0,17,1.31,154,105,13,0,0,379,.630,3,0,1,0,.000,17.29,7,2.00,8.23,4.11,7.71,4.37,2.06,2,0,,
640462,A.J. Puk,54,49,53,24,9,1,5,68,20,1,45,9,.210,214,.305,.332,.637,0,6,1.000,5,951,,71,,,1,0,,0.92,1,,0,6,0,1,7,.857,0.11,0.93,58.1,54,1,0,0,3.09,58.1,3,2,4,9,17,5,20,1.11,245,175,54,0,0,617,.650,9,1,6,0,.600,16.30,8,3.40,10.49,3.09,6.94,3.70,0.77,21,7,,
661309,Adrian Martinez,9,41,49,30,3,0,11,37,15,0,51,3,.291,175,.352,.497,.849,1,3,.750,4,773,,87,,,0,3,,0.84,0,,9,2,1,0,3,1.000,0.33,0.63,43.2,9,1,0,0,5.77,43.2,4,5,0,0,0,0,28,1.51,196,131,9,0,0,496,.640,3,1,5,0,.444,17.70,0,2.47,7.63,3.09,10.51,6.18,2.27,0,0,,
643493,Austin Pruitt,32,57,54,27,11,0,10,33,8,0,42,1,.228,184,.262,.451,.713,1,2,.667,1,710,,83,,,0,2,,1.06,0,,1,3,6,0,9,1.000,0.28,1.72,47.2,32,0,0,0,4.53,47.2,0,1,1,3,1,2,24,1.05,195,143,32,0,0,471,.660,1,0,0,0,.000,14.90,13,4.13,6.23,1.51,7.93,5.10,1.89,10,4,,
640461,Chad Pinder,12,85,61,34,17,0,11,109,12,0,77,0,.234,329,.259,.386,.645,0,2,1.000,8,1294,345,127,41,125,1,2,.313,1.39,1,29.91,11,0,0,0,0,.000,0.00,-.--,0.0,12,0,0,0,27.00,1.0,0,0,0,0,0,0,3,4.00,7,3,1,0,0,12,.460,1,0,0,0,.---,26.00,1,0.00,0.00,18.00,18.00,27.00,0.00,0,0,,
642137,Cody Thomas,10,6,4,1,0,0,0,12,2,0,8,0,.267,30,.313,.267,.580,0,0,.---,0,125,32,8,0,11,0,0,.444,1.50,0,-.--,9,0,18,0,18,1.000,1.80,2.19,74.0,10,0,0,0,,,,,,,,,,,,,,,,,,,,,,,,,,,,,,,,,,
608344,Cole Irvin,26,148,201,72,29,3,19,113,33,1,143,5,.238,600,.282,.392,.674,2,0,.000,13,2296,,235,,,1,4,,0.74,0,,26,7,5,1,13,.923,0.46,0.68,159.1,26,2,0,0,3.73,159.1,8,11,0,0,0,0,66,1.10,643,478,26,0,0,1554,.680,5,0,2,1,.421,14.41,0,3.42,6.38,1.86,8.08,4.07,1.07,0,0,,
665506,Cristian Pache,79,79,44,17,5,2,2,63,13,0,35,1,.160,219,.210,.228,.438,2,1,.333,5,831,235,50,15,92,2,0,.214,1.80,0,109.50,64,1,184,1,186,.995,2.34,2.87,580.2,79,0,0,0,,,,,,,,,,,,,,,,,,,,,,,,,,,,,,,,,,
660650,Dermis Garcia,2,7,7,9,4,0,4,32,7,0,17,1,.270,63,.352,.524,.876,0,0,.---,0,312,71,33,15,26,0,0,.481,1.00,0,15.75,2,0,0,0,0,.000,0.00,-.--,0.0,2,0,0,0,,,,,,,,,,,,,,,,,,,,,,,,,,,,,,,,,,
642758,Domingo Acevedo,63,59,69,24,11,1,8,53,16,3,45,3,.202,223,.263,.368,.631,0,4,1.000,5,914,,82,,,2,1,,0.86,0,,0,2,3,2,7,.714,0.08,0.74,61.2,63,0,0,2,3.50,61.2,3,3,1,4,20,3,24,0.99,245,185,63,0,0,607,.660,3,1,1,0,.500,14.82,6,3.31,7.74,2.34,6.57,3.50,1.17,30,10,,
676664,JP Sears,7,22,26,5,3,0,1,15,5,0,14,1,.184,76,.241,.263,.504,1,2,.667,1,311,,20,,,0,1,,0.85,0,,2,1,0,0,1,1.000,0.14,0.41,22.0,7,0,0,0,2.05,22.0,3,0,0,0,0,0,5,0.86,83,66,7,0,0,208,.670,1,0,0,0,1.000,14.14,1,3.00,6.14,2.05,5.73,2.05,0.41,2,0,,
621076,James Kaprielian,23,0,0,0,0,0,0,0,0,0,0,0,.000,0,.000,.000,.000,0,0,.---,0,0,0,0,0,0,0,0,.---,-.--,0,-.--,23,4,9,1,14,.929,0.57,1.02,115.0,23,0,0,1,4.70,115.0,3,9,0,0,0,0,60,1.43,505,345,23,0,0,1226,.630,5,0,2,0,.250,16.91,0,1.43,6.26,4.38,8.45,5.09,1.25,0,0,,
657649,Jared Koenig,7,41,37,19,7,1,4,16,15,0,32,4,.260,123,.354,.431,.785,1,0,.000,1,543,,53,,,1,2,,1.11,0,,5,3,0,1,4,.750,0.43,0.87,31.1,7,0,0,0,5.46,31.1,1,3,0,0,0,0,19,1.50,145,94,7,0,0,333,.610,4,1,4,0,.250,17.33,2,1.07,4.60,4.31,9.19,5.46,1.15,0,0,,
606303,Joel Payamps,11,0,0,0,0,0,0,0,0,0,0,0,.000,0,.000,.000,.000,0,0,.---,0,0,0,0,0,0,0,0,.---,-.--,0,-.--,0,2,1,0,3,1.000,0.27,2.25,12.0,11,0,0,0,3.75,12.0,1,3,0,0,2,0,5,1.17,50,36,11,0,0,121,.630,0,0,1,0,.250,15.92,2,-.--,6.00,0.00,10.50,3.75,1.50,6,2,,
681146,Jonah Bride,1,38,48,13,4,0,1,27,16,0,32,4,.224,143,.317,.273,.590,0,1,1.000,4,696,165,39,6,59,1,1,.267,0.79,0,143.00,1,0,0,0,0,.000,0.00,-.--,0.0,1,0,0,0,,,,,,,,,,,,,,,,,,,,,,,,,,,,,,,,,,
686610,Ken Waldichuk,3,13,18,9,7,1,3,14,5,0,16,1,.262,61,.328,.557,.885,0,0,.---,0,267,,34,,,0,0,,0.72,0,,3,1,1,0,2,1.000,0.67,1.20,15.0,3,0,0,0,5.40,15.0,0,1,0,0,0,0,9,1.40,67,45,3,0,0,176,.660,1,0,1,0,.000,17.80,0,2.80,8.40,3.00,9.60,5.40,1.80,0,0,,
669912,Kirby Snead,41,38,46,26,13,0,5,31,21,2,50,2,.309,162,.390,.481,.871,2,6,.750,4,704,,78,,,1,2,,0.83,0,,0,6,1,1,8,.875,0.17,1.58,40.0,41,1,0,0,5.85,40.0,1,0,0,1,5,1,26,1.78,188,120,41,0,0,440,.630,2,0,2,2,1.000,17.60,12,1.48,6.98,4.73,11.25,5.85,1.13,19,4,,
669397,Nick Allen,44,84,62,25,11,0,3,57,14,0,51,1,.205,249,.250,.285,.535,2,1,.333,5,967,269,71,13,98,5,0,.254,1.35,0,83.00,41,130,52,5,187,.973,4.14,4.54,361.0,44,24,0,2,,,,,,,,,,,,,,,,,,,,,,,,,,,,,,,,,,
650204,Norge Ruiz,8,11,12,11,3,0,1,15,3,0,20,2,.351,57,.397,.456,.853,0,1,1.000,1,248,,26,,,0,1,,0.92,0,,0,1,1,0,2,1.000,0.25,1.38,13.0,8,0,0,0,6.92,13.0,0,1,0,1,0,1,10,1.77,63,39,8,0,0,158,.640,2,0,1,0,.000,19.08,5,5.00,10.38,2.08,13.85,7.62,0.69,6,1,,
657656,Ramon Laureano,5,81,88,49,18,0,13,104,25,0,73,12,.211,346,.287,.376,.663,6,11,.647,6,1514,383,130,34,139,0,0,.262,0.92,0,26.62,5,0,0,0,0,.000,0.00,-.--,0.0,5,0,0,0,,,,,,,,,,,,,,,,,,,,,,,,,,,,,,,,,,
669221,Sean Murphy,25,124,130,61,33,2,18,111,49,2,123,11,.255,483,.334,.443,.777,19,41,.683,13,2127,549,214,64,173,0,5,.292,0.95,2,26.83,25,0,0,0,0,.000,0.00,-.--,0.0,25,0,0,0,,,,,,,,,,,,,,,,,,,,31,2,,,,,,,,,,,,1,4.70
664913,Seth Brown,2,91,122,47,24,2,22,128,40,2,102,3,.231,442,.298,.443,.741,1,8,.889,7,1930,486,196,58,188,0,1,.273,0.75,0,20.09,2,0,0,0,0,.000,0.00,-.--,0.0,2,0,0,0,,,,,,,,,,,,,,,,,,,,,,,,,,,,,,,,,,
669127,Shea Langeliers,16,17,16,10,6,1,3,41,3,0,19,0,.209,91,.229,.396,.625,1,11,.917,3,377,96,36,13,39,0,2,.327,1.06,0,30.33,16,0,0,0,0,.000,0.00,-.--,0.0,16,0,0,0,,,,,,,,,,,,,,,,,,,,6,0,,,,,,,,,,,,0,4.52
641914,Sheldon Neuse,9,92,41,25,4,2,4,78,20,0,58,2,.216,269,.275,.290,.565,1,6,.857,5,1148,291,78,26,97,0,0,.289,2.24,0,67.25,7,0,0,0,0,.000,0.00,-.--,0.0,9,0,0,0,0.00,3.2,0,0,0,0,0,0,0,0.27,12,11,3,0,0,21,.640,0,0,0,0,.---,9.00,3,-.--,0.00,0.00,2.45,0.00,0.00,2,0,,
519390,Stephen Vogt,23,26,59,15,4,0,6,43,16,0,25,2,.168,149,.251,.315,.566,3,11,.786,3,648,171,47,19,61,0,4,.183,0.44,0,24.83,16,0,0,0,0,.000,0.00,-.--,0.0,23,0,0,0,,,,,,,,,,,,,,,,,,,,9,0,,,,,,,,,,,,0,4.09
643393,Tony Kemp,2,132,152,52,22,1,6,63,42,0,102,8,.231,441,.308,.327,.635,1,8,.889,5,1850,499,144,40,128,5,3,.256,0.87,0,73.50,2,0,0,0,0,.000,0.00,-.--,0.0,2,0,0,0,,,,,,,,,,,,,,,,,,,,,,,,,,,,,,,,,,
664202,Tyler Cyr,1,0,1,1,1,0,1,0,0,0,2,0,.667,3,.667,2.000,2.667,0,0,.---,0,9,,6,,,0,0,,0.00,0,,0,0,0,0,0,.000,0.00,0.00,0.1,1,0,0,0,27.00,0.1,0,0,0,0,0,0,1,6.00,3,1,1,0,0,4,.440,0,0,0,0,.---,27.00,1,-.--,0.00,0.00,54.00,27.00,27.00,0,0,,
605353,Vimael Machin,1,56,59,20,9,0,1,32,21,0,41,2,.220,186,.303,.285,.588,1,1,.500,6,825,211,53,11,64,0,2,.258,0.95,0,186.00,0,0,0,0,0,.000,0.00,-.--,0.0,1,0,0,0,,,,,,,,,,,,,,,,,,,,,,,,,,,,,,,,,,
676265,,13,20,53,17,9,0,8,32,16,0,30,3,.222,135,.318,.467,.785,0,3,1.000,0,605,,63,,,0,0,,0.38,0,,6,1,1,0,2,1.000,0.15,0.51,35.0,13,0,0,0,4.37,35.0,0,2,0,0,0,0,17,1.31,154,105,13,0,0,379,.630,3,0,1,0,.000,17.29,7,2.00,8.23,4.11,7.71,4.37,2.06,2,0,,
543305,Aaron Hicks,1,83,101,44,8,2,6,94,56,3,74,4,.212,349,.326,.298,.624,3,9,.750,9,1818,412,104,36,168,1,2,.271,0.82,0,58.17,0,0,0,0,0,.000,0.00,-.--,0.0,1,0,0,0,,,,,,,,,,,,,,,,,,,,,,,,,,,,,,,,,,
592450,Aaron Judge,21,103,101,119,23,0,57,157,90,17,161,5,.311,517,.415,.687,1.102,3,16,.842,14,2583,621,355,123,188,0,5,.338,1.02,4,9.07,21,0,0,0,0,.000,0.00,-.--,0.0,21,0,0,0,,,,,,,,,,,,,,,,,,,,,,,,,,,,,,,,,,
547973,Aroldis Chapman,36,21,34,16,5,0,4,35,22,0,22,1,.200,110,.333,.355,.688,3,2,.400,1,566,,39,,,0,2,,0.62,1,,0,4,1,0,5,1.000,0.14,1.50,30.2,36,0,0,0,4.70,30.2,2,3,9,9,1,0,16,1.43,136,92,36,0,0,342,.600,1,0,6,2,.400,18.46,17,1.59,10.27,6.46,6.46,4.70,1.17,5,2,,
657376,Clarke Schmidt,22,0,0,0,0,0,0,0,0,0,0,0,.000,0,.000,.000,.000,0,0,.---,0,0,0,0,0,0,0,0,.---,-.--,0,-.--,3,4,3,0,7,1.000,0.32,1.31,48.2,22,1,0,0,2.59,48.2,5,4,2,2,1,0,14,1.19,199,146,22,0,0,512,.650,2,0,0,0,.556,16.23,4,2.35,8.69,3.70,7.03,2.96,0.37,10,3,,
605280,Clay Holmes,58,93,17,20,8,0,1,62,19,2,42,9,.196,214,.289,.248,.537,0,1,1.000,4,919,,53,,,0,0,,5.47,1,,0,8,7,0,15,1.000,0.26,2.29,59.0,58,0,0,0,2.59,59.0,6,4,20,25,7,5,17,1.03,243,177,58,0,0,586,.640,9,0,1,0,.600,15.58,30,3.26,9.46,2.90,6.41,3.05,0.15,18,3,,
593334,Domingo German,12,54,72,22,14,0,7,41,14,0,52,4,.237,219,.295,.397,.692,0,0,.---,7,867,,87,,,0,0,,0.75,0,,11,0,1,1,2,.500,0.08,0.16,57.2,12,0,0,1,3.12,57.2,2,3,0,0,0,0,20,1.14,237,173,12,0,0,581,.670,4,1,0,0,.400,15.03,0,2.93,6.40,2.18,8.12,3.43,1.09,0,0,,
664314,Estevan Florial,2,7,8,4,0,0,0,13,3,0,3,1,.097,31,.200,.097,.297,0,2,1.000,0,140,35,3,1,18,0,0,.167,0.88,0,-.--,0,0,0,0,0,.000,0.00,-.--,0.0,2,0,0,0,,,,,,,,,,,,,,,,,,,,,,,,,,,,,,,,,,
593423,Frankie Montas,8,48,36,28,12,0,6,33,15,0,46,5,.288,160,.363,.475,.838,0,1,1.000,3,695,,76,,,1,2,,1.33,2,,8,2,7,1,10,.900,1.13,2.08,39.2,8,0,0,0,6.35,39.2,1,3,0,0,0,0,28,1.54,185,119,8,0,0,435,.630,5,0,3,0,.250,17.52,0,2.20,7.49,3.40,10.44,6.35,1.36,0,0,,
543037,Gerrit Cole,29,146,146,67,26,1,27,228,44,0,136,2,.208,655,.259,.374,.633,3,9,.750,10,2882,,245,,,0,1,,1.00,1,,29,16,9,0,25,1.000,0.86,1.27,177.1,29,0,0,0,3.30,177.1,11,7,0,0,0,0,65,1.02,703,532,29,0,0,1907,.660,2,1,2,0,.611,16.25,0,5.18,11.57,2.23,6.90,3.40,1.37,0,0,,
519317,Giancarlo Stanton,52,91,74,44,7,0,26,112,44,2,75,0,.215,349,.301,.458,.759,0,0,.---,7,1613,397,160,68,173,0,3,.229,1.23,1,13.42,52,0,0,0,0,.000,0.00,-.--,0.0,52,0,0,0,,,,,,,,,,,,,,,,,,,,,,,,,,,,,,,,,,
650402,Gleyber Torres,9,98,150,65,24,1,21,118,32,1,118,3,.245,481,.295,.430,.725,4,9,.692,10,2040,519,207,62,244,1,2,.282,0.65,0,22.90,9,0,0,0,0,.000,0.00,-.--,0.0,9,0,0,0,,,,,,,,,,,,,,,,,,,,,,,,,,,,,,,,,,
669711,Greg Weissert,9,6,10,7,1,0,1,10,4,0,6,2,.188,32,.316,.313,.629,0,2,1.000,0,145,,10,,,0,0,,0.60,0,,0,0,1,1,2,.500,0.11,1.13,8.1,9,0,0,1,7.56,8.1,3,0,0,0,1,0,7,1.20,38,25,9,0,0,90,.620,2,1,0,0,1.000,17.40,1,2.50,10.80,4.32,6.48,7.56,1.08,8,2,,
643396,Isiah Kiner-Falefa,125,154,108,63,19,0,3,66,31,2,117,5,.268,437,.320,.332,.652,4,20,.833,13,1755,481,145,46,168,3,5,.306,1.43,0,145.67,119,300,134,15,449,.967,3.47,3.65,1071.1,125,44,0,6,,,,,,,,,,,,,,,,,,,,,,,,,,,,,,,,,,
592791,Jameson Taillon,28,160,163,68,36,3,23,128,27,0,146,4,.247,591,.283,.435,.718,2,5,.714,8,2419,,257,,,2,4,,0.98,1,,28,17,7,1,25,.960,0.86,1.41,153.0,28,2,0,1,3.94,153.0,13,4,0,0,0,0,67,1.13,629,459,28,0,0,1586,.660,4,0,3,0,.765,15.81,0,4.74,7.53,1.59,8.59,4.00,1.35,0,0,,
642528,Jonathan Loaisiga,44,0,0,0,0,0,0,0,0,0,0,0,.000,0,.000,.000,.000,0,0,.---,0,0,0,0,0,0,0,0,.---,-.--,0,-.--,0,10,3,0,13,1.000,0.30,2.93,40.2,44,0,0,0,4.43,40.2,1,3,1,2,10,1,20,1.30,172,122,44,0,0,424,.660,0,0,0,0,.250,15.79,7,1.88,7.08,3.76,7.97,4.87,0.66,21,5,,
624431,Jose Trevino,102,82,90,37,11,1,10,54,13,0,76,2,.252,301,.287,.395,.682,13,26,.667,5,1126,317,119,38,125,0,1,.277,0.91,4,30.10,81,29,751,5,785,.994,7.65,9.41,746.2,102,1,0,1,,,,,,,,,,,,,,,,,,,,21,3,,,,,,,,,,,,2,3.13
518626,Josh Donaldson,23,93,111,51,26,0,14,128,49,1,93,7,.221,420,.310,.383,.693,2,2,.500,10,1916,481,161,55,181,0,5,.279,0.84,0,30.00,23,0,0,0,0,.000,0.00,-.--,0.0,23,0,0,0,,,,,,,,,,,,,,,,,,,,,,,,,,,,,,,,,,
543309,Kyle Higashioka,1,42,75,22,5,0,8,43,11,0,39,1,.201,194,.244,.351,.595,12,16,.571,4,786,211,68,23,88,2,3,.212,0.56,5,24.25,0,0,0,0,0,.000,0.00,-.--,0.0,1,0,0,0,,,,,,,,,,,,,,,,,,,,15,0,,,,,,,,,,,,6,3.53
642152,Lou Trivino,19,16,15,4,1,0,0,16,8,0,13,2,.217,60,.329,.233,.562,1,0,.000,0,269,,14,,,0,0,,1.07,0,,0,3,2,0,5,1.000,0.26,2.81,16.0,19,0,0,0,1.13,16.0,1,2,0,0,1,0,2,1.31,70,48,19,0,0,163,.610,2,0,0,0,.333,16.81,6,2.00,9.00,4.50,7.31,2.25,0.00,19,5,,
476595,Lucas Luetge,46,38,62,18,10,0,4,53,14,1,54,2,.263,205,.314,.371,.685,0,0,.---,2,858,,76,,,0,2,,0.61,0,,0,3,1,2,6,.667,0.09,0.69,52.1,46,2,0,1,2.75,52.1,3,4,2,2,6,0,16,1.30,223,157,46,0,0,529,.620,2,0,0,0,.429,16.39,17,3.79,9.11,2.41,9.29,3.10,0.69,29,12,,
503556,Marwin Gonzalez,2,41,48,17,7,0,5,45,13,0,31,4,.193,161,.268,.329,.597,0,3,1.000,7,735,182,53,15,87,3,1,.232,0.85,0,32.20,0,0,0,0,0,.000,0.00,-.--,0.0,2,0,0,0,0.00,0.1,0,0,0,0,0,0,0,0.00,1,1,1,0,0,2,.500,0,0,0,0,.---,12.00,1,-.--,0.00,0.00,0.00,0.00,0.00,3,0,,
609280,Miguel Andujar,8,23,27,9,2,0,1,21,3,0,22,0,.239,92,.260,.293,.553,0,4,1.000,0,337,96,27,8,35,0,1,.296,0.85,0,92.00,6,0,0,0,0,.000,0.00,-.--,0.0,8,0,0,0,,,,,,,,,,,,,,,,,,,,,,,,,,,,,,,,,,
641482,Nestor Cortes,25,101,170,43,22,0,16,142,32,0,101,2,.197,512,.246,.334,.580,2,3,.600,5,2184,,171,,,0,2,,0.59,0,,25,6,4,1,11,.909,0.40,0.64,140.0,25,0,0,0,2.70,140.0,10,4,0,0,0,0,42,0.95,548,420,25,0,0,1479,.680,2,0,1,2,.714,15.60,0,4.44,9.13,2.06,6.49,2.76,1.03,0,0,,
672724,Oswald Peraza,5,6,6,3,2,0,0,4,3,0,5,1,.238,21,.360,.333,.693,0,0,.---,0,75,25,7,0,10,0,0,.294,1.00,0,-.--,5,12,9,0,21,1.000,4.20,4.02,47.0,5,2,0,0,,,,,,,,,,,,,,,,,,,,,,,,,,,,,,,,,,
665828,Oswaldo Cabrera,19,17,31,7,4,1,1,26,8,0,20,0,.215,93,.275,.312,.587,2,1,.333,1,431,102,29,8,35,0,1,.284,0.55,0,93.00,18,6,33,0,39,1.000,2.05,2.19,160.2,19,0,0,0,,,,,,,,,,,,,,,,,,,,,,,,,,,,,,,,,,
676760,Ron Marinaccio,33,27,35,10,5,1,2,46,19,0,19,5,.151,126,.285,.254,.539,1,3,.750,2,646,,32,,,0,1,,0.77,1,,0,2,4,0,6,1.000,0.18,1.46,37.1,33,0,0,0,1.93,37.1,1,0,0,0,5,0,8,1.02,152,112,33,0,0,401,.620,5,0,5,0,1.000,17.30,7,2.42,11.09,4.58,4.58,2.41,0.48,21,6,,
641796,Tim Locastro,3,11,15,11,0,0,2,7,2,0,6,1,.154,39,.214,.308,.522,2,7,.778,0,146,42,12,4,19,0,0,.133,0.73,0,19.50,0,0,0,0,0,.000,0.00,-.--,0.0,3,0,0,0,,,,,,,,,,,,,,,,,,,,,,,,,,,,,,,,,,
593974,Wandy Peralta,55,70,46,17,5,0,2,47,17,1,39,1,.196,199,.261,.251,.512,0,0,.---,8,808,,50,,,2,1,,1.52,0,,0,14,3,1,18,.944,0.31,2.73,56.1,55,2,0,0,2.40,56.1,3,4,4,9,9,5,15,0.99,220,169,55,0,0,508,.630,1,1,2,1,.429,14.34,18,2.76,7.51,2.72,6.23,2.72,0.32,28,6,,
676265,,13,20,53,17,9,0,8,32,16,0,30,3,.222,135,.318,.467,.785,0,3,1.000,0,605,,63,,,0,0,,0.38,0,,6,1,1,0,2,1.000,0.15,0.51,35.0,13,0,0,0,4.37,35.0,0,2,0,0,0,0,17,1.31,154,105,13,0,0,379,.630,3,0,1,0,.000,17.29,7,2.00,8.23,4.11,7.71,4.37,2.06,2,0,,
643256,Adam Cimber,68,62,65,24,9,2,5,52,12,1,59,6,.253,233,.304,.373,.677,0,6,1.000,4,921,,87,,,3,2,,0.95,0,,0,8,2,0,10,1.000,0.15,1.45,62.0,68,1,0,0,3.05,62.0,10,5,4,8,16,4,21,1.15,256,186,68,0,0,637,.690,6,0,1,0,.667,14.85,13,4.33,7.55,1.74,8.56,3.48,0.73,29,9,,
672386,Alejandro Kirk,44,131,120,56,19,0,13,52,56,2,125,4,.295,424,.379,.432,.811,12,32,.727,9,1973,488,183,59,153,0,4,.309,1.09,1,32.62,43,0,0,0,0,.000,0.00,-.--,0.0,44,0,0,0,,,,,,,,,,,,,,,,,,,,11,2,,,,,,,,,,,,1,3.60
666201,Alek Manoah,28,153,204,54,26,1,16,163,43,0,134,15,.207,648,.270,.324,.594,5,8,.615,10,2642,,210,,,1,5,,0.75,1,,28,13,5,1,19,.947,0.64,0.92,177.2,28,1,0,0,2.43,177.2,14,7,0,0,0,0,48,1.00,713,533,28,0,0,1745,.660,15,0,4,0,.667,14.87,0,3.79,8.26,2.18,6.79,2.74,0.81,0,0,,
542914,Anthony Bass,45,0,0,0,0,0,0,0,0,0,0,0,.000,0,.000,.000,.000,0,0,.---,0,0,0,0,0,0,0,0,.---,-.--,0,-.--,0,5,5,2,12,.833,0.22,2.05,44.2,45,1,0,1,1.41,44.2,2,3,0,3,16,3,7,0.94,173,134,45,0,0,414,.670,0,0,1,1,.400,13.88,7,4.50,9.07,2.01,6.45,2.01,0.20,16,3,,
666182,Bo Bichette,1,153,127,84,41,1,24,143,36,0,167,2,.284,588,.326,.480,.806,8,11,.579,17,2265,628,282,88,240,0,2,.338,1.20,0,24.50,1,0,0,0,0,.000,0.00,-.--,0.0,1,0,0,0,,,,,,,,,,,,,,,,,,,,,,,,,,,,,,,,,,
605548,Bradley Zimmer,1,2,6,4,1,0,0,4,0,0,4,0,.250,16,.250,.313,.563,0,0,.---,0,62,16,5,0,8,0,0,.333,0.33,0,-.--,0,0,0,0,0,.000,0.00,-.--,0.0,1,0,0,0,,,,,,,,,,,,,,,,,,,,,,,,,,,,,,,,,,
624415,Cavan Biggio,3,46,65,37,18,1,6,71,36,0,47,5,.207,227,.327,.374,.701,0,2,1.000,2,1142,270,85,23,117,1,1,.272,0.71,0,37.83,0,0,0,0,0,.000,0.00,-.--,0.0,3,0,0,0,,,,,,,,,,,,,,,,,,,,,,,,,,,,,,,,,,
643376,Danny Jansen,1,35,65,27,5,0,12,30,17,1,43,3,.254,169,.326,.497,.823,8,27,.771,1,743,193,84,33,70,0,4,.237,0.54,2,14.08,1,0,0,0,0,.000,0.00,-.--,0.0,1,0,0,0,,,,,,,,,,,,,,,,,,,,5,2,,,,,,,,,,,,1,3.56
475479,David Phelps,60,43,66,20,8,2,1,59,28,0,47,2,.220,214,.316,.290,.606,2,2,.500,3,1039,,62,,,1,0,,0.65,0,,0,5,1,0,6,1.000,0.10,0.93,58.0,60,0,0,0,2.79,58.0,0,2,1,2,9,1,18,1.29,245,174,60,0,0,623,.600,2,0,3,0,.000,17.91,10,2.11,9.16,4.34,7.29,3.10,0.16,27,6,,
672515,Gabriel Moreno,17,19,17,3,1,0,0,8,2,0,17,0,.279,61,.302,.295,.597,6,10,.625,2,225,63,18,4,22,0,0,.321,1.12,0,-.--,16,11,126,2,139,.986,8.06,8.87,139.1,17,1,0,1,,,,,,,,,,,,,,,,,,,,5,0,,,,,,,,,,,,0,5.81
543807,George Springer,36,129,120,78,19,3,21,91,50,1,118,6,.260,454,.339,.454,.793,1,13,.929,5,1949,517,206,63,167,0,4,.280,1.08,3,21.62,36,0,0,0,0,.000,0.00,-.--,0.0,36,0,0,0,,,,,,,,,,,,,,,,,,,,,,,,,,,,,,,,,,
598265,Bradley Jr.,11,1,1,1,0,0,0,1,3,0,1,0,.250,4,.571,.250,.821,0,0,.---,0,30,62,1,6,32,0,0,.233,1.00,0,-.--,5,2,12,0,14,1.000,1.27,2.21,57.0,11,0,0,0,9.00,1.0,0,0,0,0,0,0,1,4.00,7,3,1,0,0,13,.430,0,0,0,0,.---,30.00,1,0.33,9.00,27.00,9.00,9.00,0.00,0,0,,
605447,Jordan Romano,55,45,55,15,5,0,4,64,17,3,37,3,.184,201,.258,.269,.527,0,4,1.000,4,839,,54,,,0,0,,0.82,1,,0,5,2,0,7,1.000,0.13,1.15,55.2,55,0,0,0,1.94,55.2,5,3,33,37,2,4,12,0.97,222,167,55,0,0,576,.690,3,0,0,0,.625,15.07,48,3.76,10.35,2.75,5.98,2.43,0.65,11,1,,
621244,Jose Berrios,28,0,0,0,0,0,0,0,0,0,0,0,.000,0,.000,.000,.000,0,0,.---,0,0,0,0,0,0,0,0,.---,-.--,0,-.--,28,15,4,1,20,.950,0.68,1.13,152.2,28,1,0,1,5.04,153.2,10,5,0,0,0,0,86,1.37,665,461,29,0,0,1599,.670,11,0,2,2,.667,15.48,0,3.59,7.79,2.17,10.19,5.21,1.64,0,0,,
657240,Julian Merryweather,25,29,26,15,9,0,3,22,5,1,28,2,.277,101,.318,.455,.773,0,2,1.000,2,388,,46,,,2,2,,1.12,0,,1,1,0,0,1,1.000,0.04,0.35,26.0,25,0,0,0,5.19,26.0,0,3,0,1,1,1,15,1.27,112,78,25,0,0,277,.710,2,0,1,0,.000,14.92,6,4.40,7.62,1.73,9.69,5.19,1.04,9,6,,
592332,Kevin Gausman,28,116,161,68,33,4,14,186,25,0,173,1,.274,631,.301,.406,.707,4,17,.810,8,2547,,256,,,1,4,,0.72,0,,28,10,2,1,13,.923,0.43,0.68,159.1,28,0,0,1,3.45,159.1,12,10,0,0,0,0,61,1.24,662,478,28,0,0,1784,.700,1,2,2,0,.545,15.99,0,7.44,10.51,1.41,9.77,3.84,0.79,0,0,,
656305,Matt Chapman,1,80,143,76,26,1,26,153,56,1,116,8,.238,487,.324,.456,.780,2,2,.500,6,2350,556,222,72,234,0,5,.288,0.56,0,18.73,1,0,0,0,0,.000,0.00,-.--,0.0,1,0,0,0,,,,,,,,,,,,,,,,,,,,,,,,,,,,,,,,,,
606132,Raimel Tapia,1,120,77,38,17,1,6,68,14,0,91,0,.259,352,.286,.364,.650,1,7,.875,11,1350,372,128,43,150,3,1,.305,1.56,2,58.67,1,0,0,0,0,.000,0.00,-.--,0.0,1,0,0,0,,,,,,,,,,,,,,,,,,,,,,,,,,,,,,,,,,
548389,Ross Stripling,29,127,123,43,24,0,11,102,20,0,98,2,.219,448,.254,.346,.600,3,7,.700,5,1800,,155,,,0,2,,1.03,0,,21,8,5,0,13,1.000,0.45,0.98,119.1,29,0,0,0,2.94,119.1,8,4,1,1,0,0,39,0.99,472,358,29,0,0,1221,.680,2,0,0,0,.667,15.08,2,5.10,7.69,1.51,7.39,3.24,0.83,3,0,,
669289,Santiago Espinal,11,124,133,49,25,0,7,68,36,1,118,2,.269,439,.325,.374,.699,6,6,.500,12,1877,481,164,50,205,1,3,.302,0.93,0,62.71,4,15,6,0,21,1.000,1.91,3.78,50.0,11,2,0,0,,,,,,,,,,,,,,,,,,,,,,,,,,,,,,,,,,
606192,Teoscar Hernandez,8,98,89,55,28,1,20,137,30,0,113,2,.259,437,.309,.465,.774,3,6,.667,14,1833,469,203,66,202,0,0,.332,1.10,0,21.85,8,0,0,0,0,.000,0.00,-.--,0.0,8,0,0,0,,,,,,,,,,,,,,,,,,,,,,,,,,,,,,,,,,
641835,Tim Mayza,54,58,24,14,6,1,6,36,9,1,36,1,.238,151,.282,.411,.693,0,2,1.000,6,605,,62,,,1,2,,2.42,0,,0,3,3,0,6,1.000,0.11,1.29,42.0,54,0,0,0,2.79,42.0,7,0,1,5,15,4,13,1.07,164,126,54,0,0,387,.640,1,1,2,0,1.000,14.40,7,4.00,7.71,1.93,7.71,3.00,1.29,34,8,,
670950,Trevor Richards,57,42,53,38,8,1,9,73,32,1,55,1,.252,218,.345,.422,.767,3,5,.625,3,1054,,92,,,1,4,,0.79,0,,3,2,3,0,5,1.000,0.09,0.79,57.1,57,1,0,0,5.49,57.1,3,2,0,1,7,1,35,1.52,256,172,57,0,0,620,.590,1,0,3,0,.600,18.38,10,2.28,11.46,5.02,8.63,5.97,1.41,26,8,,
665489,Vladimir Guerrero,29,187,128,81,33,0,28,102,51,6,160,6,.279,574,.342,.483,.825,3,8,.727,24,2340,634,277,84,229,0,3,.295,1.46,0,20.50,29,0,0,0,0,.000,0.00,-.--,0.0,29,0,0,0,,,,,,,,,,,,,,,,,,,,,,,,,,,,,,,,,,
593160,Whit Merrifield,2,18,23,9,1,0,1,15,6,0,14,0,.200,70,.263,.257,.520,1,1,.500,1,269,76,18,5,42,0,0,.241,0.78,0,70.00,1,0,1,0,1,1.000,0.50,1.13,8.0,2,0,0,0,18.00,1.0,0,0,0,0,0,0,2,2.00,6,3,1,0,0,11,.850,1,0,0,0,.---,13.00,1,-.--,0.00,0.00,18.00,18.00,9.00,0,0,,
554340,Yimi Garcia,54,48,64,17,10,0,5,50,14,2,36,3,.185,195,.247,.313,.560,0,5,1.000,3,903,,61,,,0,3,,0.75,0,,0,5,0,0,5,1.000,0.09,0.83,54.2,54,0,0,0,2.47,54.2,4,4,1,5,20,4,15,0.91,215,164,54,0,0,574,.640,3,1,0,0,.500,16.52,8,3.57,8.23,2.30,5.93,2.80,0.82,16,2,,
579328,Yusei Kikuchi,28,89,72,67,21,3,23,114,56,0,92,8,.253,363,.363,.518,.881,3,1,.250,7,1753,,188,,,1,3,,1.24,0,,20,10,4,1,15,.933,0.50,1.34,94.1,28,1,0,1,5.53,94.1,5,7,0,1,0,1,58,1.57,431,283,28,0,0,1073,.610,8,0,3,1,.417,18.58,1,2.04,10.88,5.34,8.78,6.39,2.19,4,0,,
647315,Zach Pop,18,0,0,0,0,0,0,0,0,0,0,0,.000,0,.000,.000,.000,0,0,.---,0,0,0,0,0,0,0,0,.---,-.--,0,-.--,0,0,1,1,2,.500,0.06,0.45,20.0,18,0,0,1,3.60,20.0,2,0,0,0,1,0,8,1.25,83,60,18,0,0,187,.680,1,0,1,0,1.000,13.70,6,7.00,6.30,0.90,10.35,4.05,0.45,12,1,,
676265,,13,20,53,17,9,0,8,32,16,0,30,3,.222,135,.318,.467,.785,0,3,1.000,0,605,,63,,,0,0,,0.38,0,,6,1,1,0,2,1.000,0.15,0.51,35.0,13,0,0,0,4.37,35.0,0,2,0,0,0,0,17,1.31,154,105,13,0,0,379,.630,3,0,1,0,.000,17.29,7,2.00,8.23,4.11,7.71,4.37,2.06,2,0,,
548384,Brooks Raley,52,36,52,13,5,1,1,58,11,0,33,6,.186,177,.256,.243,.499,0,0,.---,2,756,,43,,,1,1,,0.69,0,,0,4,1,0,5,1.000,0.10,0.94,48.2,52,0,0,0,2.03,48.2,1,1,6,8,23,2,11,0.90,196,146,52,0,0,498,.660,6,0,3,0,.500,15.53,10,5.27,10.73,2.03,6.10,2.40,0.18,17,5,,
542194,Christian Bethancourt,1,0,8,1,0,0,1,1,0,0,6,0,.400,15,.400,.600,1.000,8,8,.500,0,40,115,9,11,49,0,0,.259,0.00,3,19.00,0,0,1,0,1,1.000,1.00,3.00,3.0,1,0,0,0,3.00,3.0,0,0,0,0,0,0,1,2.00,15,9,3,0,0,32,.800,0,0,5,1,.---,13.33,3,-.--,3.00,0.00,18.00,3.00,3.00,0,0,1,3.62
621363,Colin Poche,57,38,67,23,5,1,10,53,20,0,37,1,.194,191,.269,.387,.656,1,2,.667,0,853,,74,,,0,4,,0.57,0,,0,2,0,0,2,1.000,0.04,0.35,52.2,57,0,0,0,3.25,52.2,4,2,7,13,20,6,19,1.08,216,158,57,0,0,556,.650,1,0,4,1,.667,16.20,11,2.65,9.06,3.42,6.32,3.93,1.71,14,4,,
446372,Corey Kluber,28,129,178,76,31,2,19,128,18,0,158,9,.270,585,.299,.427,.726,4,4,.500,6,2202,,250,,,2,6,,0.72,0,,28,9,7,1,17,.941,0.57,0.97,148.0,28,1,0,1,4.44,148.0,10,9,0,0,0,0,73,1.19,620,444,28,0,0,1528,.690,9,0,2,0,.526,14.88,0,7.11,7.78,1.09,9.61,4.62,1.16,0,0,,
444482,David Peralta,5,26,36,10,9,1,0,26,9,1,32,1,.269,119,.323,.361,.684,1,0,.000,2,469,130,43,11,50,0,1,.340,0.72,0,-.--,5,0,0,0,0,.000,0.00,-.--,0.0,5,0,0,0,,,,,,,,,,,,,,,,,,,,,,,,,,,,,,,,,,
656876,Drew Rasmussen,25,141,115,44,18,2,11,114,28,0,107,3,.226,474,.272,.342,.614,4,8,.667,8,1993,,162,,,1,2,,1.23,1,,25,8,7,1,16,.938,0.60,1.07,126.2,25,0,0,1,2.77,126.2,10,5,0,0,0,0,39,1.07,509,380,25,0,0,1328,.670,3,0,10,0,.667,15.73,0,4.07,8.10,1.99,7.60,3.13,0.78,0,0,,
642336,Francisco Mejia,2,56,80,31,21,0,6,59,6,0,68,2,.260,262,.280,.408,.688,10,34,.773,5,974,271,107,31,111,0,1,.313,0.70,0,43.67,2,0,0,0,0,.000,0.00,-.--,0.0,2,0,0,0,,,,,,,,,,,,,,,,,,,,23,1,,,,,,,,,,,,5,3.23
664076,Garrett Cleavinger,6,8,9,3,3,0,0,13,1,0,5,0,.143,35,.167,.229,.396,0,0,.---,0,128,,8,,,0,0,,0.89,0,,0,0,0,0,0,.000,0.00,0.00,10.0,6,0,0,0,2.70,10.0,1,0,0,0,0,0,3,0.60,36,30,6,0,0,94,.730,0,0,0,0,1.000,12.80,1,13.00,11.70,0.90,4.50,2.70,0.00,3,0,,
623912,Harold Ramirez,47,101,81,41,20,0,6,59,18,1,108,8,.313,345,.357,.423,.780,5,3,.375,5,1367,375,146,54,155,0,4,.359,1.25,0,57.50,47,0,0,0,0,.000,0.00,-.--,0.0,47,0,0,0,,,,,,,,,,,,,,,,,,,,,,,,,,,,,,,,,,
670623,Isaac Paredes,1,82,88,46,14,0,19,59,34,0,64,3,.220,291,.306,.464,.770,1,0,.000,10,1373,330,135,42,135,0,2,.209,0.93,0,15.32,0,2,0,0,2,1.000,2.00,9.00,2.0,1,1,0,0,,,,,,,,,,,,,,,,,,,,,,,,,,,,,,,,,,
608638,JT Chargois,14,21,10,6,4,0,3,10,4,0,12,1,.226,53,.293,.472,.765,0,0,.---,3,220,,25,,,0,0,,2.10,0,,2,2,1,0,3,1.000,0.21,1.93,14.1,14,0,0,0,3.14,14.1,2,0,0,0,2,0,5,1.12,58,43,14,0,0,149,.680,1,0,0,0,1.000,15.35,2,2.50,6.28,2.51,7.53,3.77,1.88,7,0,,
656222,Jalen Beeks,41,59,44,22,13,1,7,68,22,0,49,2,.225,218,.300,.390,.690,0,0,.---,5,984,,85,,,1,1,,1.34,0,,7,7,1,0,8,1.000,0.20,1.22,59.0,41,0,0,0,2.90,59.0,2,3,2,6,4,4,19,1.20,244,177,41,0,0,622,.630,2,0,3,0,.400,16.68,8,3.09,10.37,3.36,7.47,3.36,1.07,9,3,,
592094,Jason Adam,63,47,53,11,3,1,5,72,14,1,27,6,.136,198,.215,.237,.452,0,10,1.000,7,870,,47,,,0,1,,0.89,1,,0,2,1,0,3,1.000,0.05,0.46,59.2,63,0,0,0,1.51,59.2,2,3,8,10,22,2,10,0.69,220,179,63,0,0,584,.670,6,0,2,0,.400,14.58,16,5.14,10.86,2.11,4.07,1.66,0.75,29,1,,
642770,Javy Guerra,9,9,12,6,3,0,2,5,3,0,11,1,.297,37,.366,.541,.907,0,0,.---,0,166,,20,,,0,0,,0.75,0,,0,0,1,0,1,1.000,0.11,1.13,8.1,9,0,0,0,6.48,8.1,0,0,0,0,1,0,6,1.68,41,25,9,0,0,100,.600,1,0,2,0,.---,19.92,2,1.67,5.40,3.24,11.88,6.48,2.16,0,0,,
605488,Jeffrey Springs,29,96,119,34,16,3,12,124,29,0,97,0,.224,434,.271,.357,.628,3,3,.500,8,1838,,155,,,0,2,,0.81,2,,21,9,4,0,13,1.000,0.45,1.02,115.2,29,1,0,0,2.41,115.2,8,4,0,0,0,0,31,1.09,467,347,29,0,0,1227,.670,0,1,1,2,.667,15.89,0,4.28,9.65,2.26,7.55,2.65,0.93,10,2,,
596847,Ji-Man Choi,9,75,65,31,18,0,10,111,52,3,74,2,.230,322,.338,.379,.717,0,0,.---,3,1652,379,122,50,136,0,3,.314,1.15,0,32.20,7,0,0,0,0,.000,0.00,-.--,0.0,9,0,0,0,,,,,,,,,,,,,,,,,,,,,,,,,,,,,,,,,,
666018,Jonathan Aranda,1,9,6,4,3,0,1,8,3,0,12,0,.343,35,.395,.514,.909,0,0,.---,0,138,38,18,4,12,0,0,.423,1.50,0,35.00,1,0,0,0,0,.000,0.00,-.--,0.0,1,0,0,0,,,,,,,,,,,,,,,,,,,,,,,,,,,,,,,,,,
642350,Jose Siri,1,23,25,29,8,0,2,43,7,0,29,1,.242,120,.289,.358,.647,1,5,.833,0,518,128,43,10,63,0,0,.360,0.92,0,60.00,0,0,0,0,0,.000,0.00,-.--,0.0,1,0,0,0,,,,,,,,,,,,,,,,,,,,,,,,,,,,,,,,,,
622534,Manuel Margot,15,64,78,33,17,2,3,52,20,1,82,2,.298,275,.349,.407,.756,1,6,.857,5,1140,298,112,42,112,0,1,.357,0.82,0,91.67,15,0,0,0,0,.000,0.00,-.--,0.0,15,0,0,0,,,,,,,,,,,,,,,,,,,,,,,,,,,,,,,,,,
664126,Pete Fairbanks,20,14,14,3,1,0,1,30,2,0,12,0,.174,69,.194,.232,.426,0,3,1.000,1,286,,16,,,0,1,,1.00,1,,0,1,5,0,6,1.000,0.30,2.70,20.0,20,0,0,0,1.35,20.0,0,0,7,7,6,0,3,0.70,73,60,20,0,0,199,.700,0,0,0,0,.---,14.30,8,15.00,13.50,0.90,5.40,1.35,0.45,4,1,,
668227,Randy Arozarena,24,149,108,66,37,2,19,135,41,2,142,11,.266,533,.331,.450,.781,11,30,.732,17,2264,586,240,79,261,0,1,.324,1.38,0,28.05,24,0,0,0,0,.000,0.00,-.--,0.0,24,0,0,0,,,,,,,,,,,,,,,,,,,,,,,,,,,,,,,,,,
650907,Rene Pinto,23,11,14,5,1,0,2,32,2,0,15,1,.208,72,.240,.306,.546,1,12,.923,2,294,75,22,10,33,0,0,.342,0.79,2,36.00,21,3,205,3,211,.986,9.04,10.06,186.0,23,0,0,1,,,,,,,,,,,,,,,,,,,,7,0,,,,,,,,,,,,1,3.77
642232,Ryan Yarbrough,18,77,87,41,19,0,9,58,20,0,81,10,.270,300,.334,.423,.757,3,5,.625,7,1262,,127,,,1,2,,0.89,0,,9,8,2,2,12,.833,0.56,1.18,76.0,18,1,0,0,4.38,76.0,1,8,0,0,0,0,37,1.33,333,228,18,0,0,835,.660,10,0,3,1,.111,16.61,2,2.90,6.87,2.37,9.59,4.86,1.07,0,0,,
663556,Shane McClanahan,25,0,0,0,0,0,0,0,0,0,0,0,.000,0,.000,.000,.000,0,0,.---,0,0,0,0,0,0,0,0,.---,-.--,0,-.--,25,9,0,1,10,.900,0.36,0.53,152.1,25,0,0,1,2.13,152.1,12,5,0,0,0,0,36,0.86,579,457,25,0,0,1509,.670,3,0,6,2,.706,14.70,0,6.03,11.05,1.83,5.91,2.42,0.89,0,0,,
542888,Shawn Armstrong,7,8,8,10,5,0,1,5,3,0,10,0,.333,30,.382,.600,.982,0,1,1.000,0,123,,18,,,0,1,,1.00,0,,0,0,0,0,0,.000,0.00,0.00,6.2,7,0,0,0,10.80,6.2,0,0,0,0,0,0,8,1.95,34,20,7,0,0,74,.600,0,0,1,0,.---,18.45,1,1.67,6.75,4.05,13.50,13.50,1.35,3,1,,
670764,Taylor Walls,1,83,122,46,16,2,6,110,44,0,65,2,.173,376,.262,.274,.536,3,9,.750,5,1718,427,103,30,164,2,2,.225,0.68,1,62.67,0,0,0,0,0,.000,0.00,-.--,0.0,1,0,0,0,,,,,,,,,,,,,,,,,,,,,,,,,,,,,,,,,,
677551,Wander Franco,8,89,78,38,14,2,5,28,18,1,68,0,.262,260,.306,.388,.694,0,5,1.000,4,984,281,101,27,110,0,3,.274,1.14,0,52.00,8,0,0,0,0,.000,0.00,-.--,0.0,8,0,0,0,,,,,,,,,,,,,,,,,,,,,,,,,,,,,,,,,,
650490,Yandy Diaz,13,139,129,68,32,0,9,56,76,2,134,6,.293,457,.400,.422,.822,3,3,.500,10,2078,540,193,54,174,0,1,.318,1.08,0,50.78,13,0,0,0,0,.000,0.00,-.--,0.0,13,0,0,0,,,,,,,,,,,,,,,,,,,,,,,,,,,,,,,,,,
676265,,13,20,53,17,9,0,8,32,16,0,30,3,.222,135,.318,.467,.785,0,3,1.000,0,605,,63,,,0,0,,0.38,0,,6,1,1,0,2,1.000,0.15,0.51,35.0,13,0,0,0,4.37,35.0,0,2,0,0,0,0,17,1.31,154,105,13,0,0,379,.630,3,0,1,0,.000,17.29,7,2.00,8.23,4.11,7.71,4.37,2.06,2,0,,
668939,Adley Rutschman,19,82,99,61,30,1,11,70,53,0,84,4,.253,332,.360,.449,.809,7,23,.767,2,1666,392,149,34,122,0,3,.287,0.83,3,30.18,19,0,0,0,0,.000,0.00,-.--,0.0,19,0,0,0,,,,,,,,,,,,,,,,,,,,14,0,,,,,,,,,,,,0,3.66
623993,Anthony Santander,27,106,175,68,22,0,27,107,49,1,127,12,.249,511,.326,.450,.776,2,0,.000,11,2327,576,230,79,239,0,4,.262,0.61,0,18.93,27,0,0,0,0,.000,0.00,-.--,0.0,27,0,0,0,,,,,,,,,,,,,,,,,,,,,,,,,,,,,,,,,,
669720,Austin Hays,3,117,139,59,32,1,15,105,30,0,119,10,.249,478,.306,.414,.720,4,2,.333,9,1832,520,198,55,208,0,2,.289,0.84,0,31.87,3,0,0,0,0,.000,0.00,-.--,0.0,3,0,0,0,,,,,,,,,,,,,,,,,,,,,,,,,,,,,,,,,,
608723,Austin Voth,19,16,20,22,4,0,4,18,6,0,34,0,.386,88,.426,.568,.994,0,1,1.000,2,391,,50,,,0,0,,0.80,0,,0,2,1,0,3,1.000,0.16,1.50,18.2,19,0,0,0,10.13,18.2,0,0,0,0,1,0,21,2.14,94,56,19,0,0,251,.640,0,0,2,0,.---,20.95,1,3.00,8.68,2.89,16.39,10.61,1.93,10,0,,
641329,Bryan Baker,58,47,62,29,7,2,3,66,24,1,56,3,.243,230,.322,.330,.652,0,2,1.000,4,1045,,76,,,0,1,,0.76,0,,2,4,2,0,6,1.000,0.10,0.90,60.0,58,0,0,0,4.05,60.0,4,3,0,2,8,2,27,1.33,258,180,58,0,0,645,.620,3,0,2,1,.571,17.42,9,2.75,9.90,3.60,8.40,4.35,0.45,29,9,,
656775,Cedric Mullins,4,127,166,79,30,3,14,110,42,2,143,9,.265,540,.326,.409,.735,9,31,.775,4,2156,599,221,55,180,1,5,.306,0.77,2,38.57,4,0,0,0,0,.000,0.00,-.--,0.0,4,0,0,0,,,,,,,,,,,,,,,,,,,,,,,,,,,,,,,,,,
672335,Cionel Perez,60,56,45,9,6,0,2,48,20,1,41,1,.218,188,.294,.282,.576,1,1,.500,7,815,0,53,0,0,0,2,.---,1.24,0,-.--,0,4,4,0,8,1.000,0.13,1.38,52.0,60,0,0,0,1.38,52.0,7,1,1,1,25,0,8,1.17,211,156,60,0,0,517,.630,1,0,3,0,.875,15.67,8,2.40,8.31,3.46,7.10,1.56,0.35,37,10,,
669084,DL Hall,5,4,9,8,2,0,0,9,5,0,10,0,.323,31,.405,.387,.792,0,2,1.000,0,157,,12,,,0,1,,0.44,0,,1,0,0,0,0,.000,0.00,0.00,7.1,5,0,0,0,9.82,7.1,0,1,0,0,0,0,8,2.05,37,22,5,0,0,103,.660,0,0,1,0,.000,21.41,0,1.80,11.05,6.14,12.27,9.82,0.00,1,0,,
665152,Dean Kremer,18,93,114,39,22,0,7,72,22,0,103,4,.272,379,.317,.385,.702,2,4,.667,12,1568,,146,,,1,2,,0.82,1,,17,5,4,0,9,1.000,0.50,0.82,99.2,18,1,0,0,3.34,99.2,7,5,0,0,0,0,37,1.25,409,299,18,0,0,1047,.670,4,0,4,0,.583,15.73,0,3.27,6.50,1.99,9.30,3.52,0.63,0,0,,
622253,Dillon Tate,60,0,0,0,0,0,0,0,0,0,0,0,.000,0,.000,.000,.000,0,0,.---,0,0,0,0,0,0,0,0,.---,-.--,0,-.--,0,3,4,2,9,.778,0.12,0.95,66.0,60,0,0,0,2.59,66.0,4,3,4,5,15,1,19,0.97,261,198,60,0,0,657,.690,6,0,2,0,.571,14.41,10,5.70,7.77,1.36,7.36,3.00,0.55,22,2,,
642585,Felix Bautista,61,0,0,0,0,0,0,0,0,0,0,0,.000,0,.000,.000,.000,0,0,.---,0,0,0,0,0,0,0,0,.---,-.--,0,-.--,0,4,4,0,8,1.000,0.13,1.16,62.0,61,0,0,0,1.60,62.0,4,3,13,14,12,1,11,0.82,232,186,61,0,0,602,.660,1,0,1,0,.571,14.77,28,4.56,11.90,2.61,4.79,1.89,1.02,33,6,,
683002,Gunnar Henderson,4,14,10,6,5,1,2,12,4,0,18,0,.333,54,.379,.574,.953,1,1,.500,0,226,58,31,10,17,0,0,.400,1.40,0,27.00,3,0,0,0,0,.000,0.00,-.--,0.0,4,0,0,0,,,,,,,,,,,,,,,,,,,,,,,,,,,,,,,,,,
596082,Jake Reed,5,4,9,8,1,0,2,6,6,0,4,1,.174,23,.367,.478,.845,0,0,.---,0,134,0,11,0,0,0,0,.---,0.44,0,-.--,0,1,0,1,2,.500,0.20,1.50,6.1,5,0,0,1,11.37,6.1,1,0,0,0,0,0,8,1.58,30,19,5,0,0,75,.560,1,0,0,0,1.000,21.16,1,1.00,8.53,8.53,5.68,11.37,2.84,2,1,,
542583,Jesus Aguilar,4,76,140,37,18,0,15,106,27,1,98,4,.236,415,.286,.388,.674,0,1,1.000,8,1895,456,161,49,159,0,5,.278,0.54,5,27.67,0,3,1,0,4,1.000,1.00,7.20,5.1,4,0,0,0,,,,,,,,,,,,,,,,,,,,,,,,,,,,,,,,,,
607216,Joey Krehbiel,51,0,0,0,0,0,0,0,0,0,0,0,.000,0,.000,.000,.000,0,0,.---,0,0,0,0,0,0,0,0,.---,-.--,0,-.--,0,8,4,1,13,.923,0.24,2.04,53.0,51,1,0,1,3.06,53.0,4,4,1,1,10,0,18,1.13,219,159,51,0,0,558,.620,3,0,0,0,.500,16.91,7,2.80,7.13,2.55,7.64,3.57,1.36,31,8,,
543475,Jordan Lyles,29,153,184,90,45,1,23,129,50,0,184,8,.285,646,.342,.464,.806,1,7,.875,16,2751,,300,,,0,4,,0.83,0,,29,15,10,0,25,1.000,0.86,1.40,161.0,29,2,0,0,4.70,161.0,10,11,0,0,0,0,84,1.45,708,483,29,0,0,1728,.630,8,0,5,0,.476,17.09,0,2.58,7.21,2.80,10.29,5.03,1.29,0,0,,
622761,Jorge Mateo,131,89,124,56,21,7,13,132,24,0,98,5,.223,439,.270,.392,.662,8,30,.789,8,1760,474,172,47,206,2,2,.287,0.72,2,33.77,126,357,155,17,529,.968,3.91,4.15,1111.2,131,81,0,7,,,,,,,,,,,,,,,,,,,,,,,,,,,,,,,,,,
669211,Keegan Akin,39,81,69,30,14,0,10,67,18,0,61,0,.221,276,.268,.380,.648,1,0,.000,8,1108,,105,,,1,1,,1.17,1,,1,11,3,0,14,1.000,0.36,1.70,74.1,39,2,0,0,3.03,74.1,3,2,2,2,3,0,25,1.06,297,223,39,0,0,770,.690,0,0,1,0,.600,14.91,8,3.72,8.11,2.18,7.39,3.63,1.21,25,9,,
680694,Kyle Bradish,20,98,86,56,15,0,16,90,36,0,107,6,.285,375,.354,.453,.807,0,1,1.000,16,1651,0,170,0,0,2,4,.---,1.14,1,-.--,20,7,6,0,13,1.000,0.65,1.19,98.0,20,0,0,0,5.05,98.0,3,6,0,0,0,0,55,1.46,424,294,20,0,0,1013,.610,6,0,5,0,.333,16.85,0,2.50,8.27,3.31,9.83,5.14,1.47,0,0,,
669065,Kyle Stowers,6,8,12,4,2,0,1,17,3,0,11,1,.229,48,.288,.333,.621,0,0,.---,1,191,52,16,4,18,0,0,.333,0.67,0,48.00,5,0,10,0,10,1.000,1.67,2.09,43.1,6,0,0,0,,,,,,,,,,,,,,,,,,,,,,,,,,,,,,,,,,
657508,Mike Baumann,9,19,21,10,3,0,1,13,6,0,22,2,.297,74,.361,.378,.739,1,0,.000,3,329,,28,,,0,1,,0.90,0,,1,2,1,1,4,.750,0.33,1.42,19.0,9,0,0,1,4.26,19.0,1,3,0,0,1,0,9,1.47,83,57,9,0,0,203,.620,2,0,1,0,.250,17.32,2,2.17,6.16,2.84,10.42,4.74,0.47,4,1,,
602104,Ramon Urias,2,104,100,46,17,0,15,93,26,1,94,5,.245,384,.298,.406,.704,0,1,1.000,6,1534,422,156,50,170,3,4,.282,1.04,0,25.60,2,0,0,0,0,.000,0.00,-.--,0.0,2,0,0,0,,,,,,,,,,,,,,,,,,,,,,,,,,,,,,,,,,
455139,Robinson Chirinos,60,40,46,9,9,0,3,61,18,0,32,4,.181,177,.270,.282,.552,8,19,.704,3,790,201,50,20,72,1,1,.254,0.87,2,59.00,57,18,424,3,445,.993,7.37,8.30,479.1,60,1,0,1,,,,,,,,,,,,,,,,,,,,18,0,,,,,,,,,,,,3,4.37
596059,Rougned Odor,1,71,140,45,18,3,12,105,30,1,77,8,.198,389,.267,.352,.619,1,6,.857,9,1632,431,137,44,171,0,4,.236,0.51,0,32.42,0,0,0,0,0,.000,0.00,-.--,0.0,1,0,0,0,,,,,,,,,,,,,,,,,,,,,,,,,,,,,,,,,,
663630,Ryan McKenna,4,28,30,22,9,0,2,52,10,1,34,2,.241,141,.299,.348,.647,0,2,1.000,3,539,156,49,11,62,2,1,.364,0.93,0,70.50,0,0,0,0,0,.000,0.00,-.--,0.0,4,0,0,0,0.00,0.1,0,0,0,0,0,0,0,9.00,4,1,1,0,0,9,.560,0,0,0,0,.---,48.00,1,0.00,0.00,27.00,54.00,0.00,0.00,3,3,,
663624,Ryan Mountcastle,19,106,143,57,26,0,22,133,35,1,121,4,.243,497,.295,.429,.724,1,4,.800,12,2085,542,213,79,218,0,6,.284,0.74,0,22.59,19,0,0,0,0,.000,0.00,-.--,0.0,19,0,0,0,,,,,,,,,,,,,,,,,,,,,,,,,,,,,,,,,,
679631,Terrin Vavra,8,12,14,9,1,1,0,14,7,0,13,0,.255,51,.333,.314,.647,1,0,.000,1,223,60,16,7,17,0,2,.333,0.86,0,-.--,6,0,0,0,0,.000,0.00,-.--,0.0,8,0,0,0,,,,,,,,,,,,,,,,,,,,,,,,,,,,,,,,,,
669330,Tyler Wells,22,89,132,44,18,1,16,73,25,0,86,2,.229,376,.279,.410,.689,5,5,.500,3,1583,,154,,,2,2,,0.67,0,,22,7,11,0,18,1.000,0.82,1.62,100.2,22,0,0,0,3.93,100.2,7,6,0,0,0,0,44,1.10,407,302,22,0,0,1047,.660,2,0,0,1,.538,15.73,0,2.92,6.53,2.24,7.69,3.93,1.43,0,0,,
676265,,13,20,53,17,9,0,8,32,16,0,30,3,.222,135,.318,.467,.785,0,3,1.000,0,605,,63,,,0,0,,0.38,0,,6,1,1,0,2,1.000,0.15,0.51,35.0,13,0,0,0,4.37,35.0,0,2,0,0,0,0,17,1.31,154,105,13,0,0,379,.630,3,0,1,0,.000,17.29,7,2.00,8.23,4.11,7.71,4.37,2.06,2,0,,
501659,Abraham Almonte,1,2,0,4,1,0,0,1,1,0,3,0,.500,6,.571,.667,1.238,0,0,.---,1,24,7,4,1,1,0,0,.600,2.00,0,-.--,0,0,1,1,2,.500,1.00,4.50,2.0,1,0,0,0,,,,,,,,,,,,,,,,,,,,,,,,,,,,,,,,,,
657077,Alex Verdugo,2,167,149,66,35,1,9,71,39,2,151,3,.283,534,.333,.403,.736,2,1,.333,12,2215,580,215,66,249,0,4,.310,1.12,0,59.33,1,0,0,0,0,.000,0.00,-.--,0.0,2,0,0,0,,,,,,,,,,,,,,,,,,,,,,,,,,,,,,,,,,
678394,Brayan Bello,10,50,28,27,10,2,0,42,21,1,51,2,.300,170,.381,.382,.763,1,4,.800,7,731,,65,,,0,1,,1.79,0,,8,3,3,0,6,1.000,0.60,1.29,42.1,10,2,0,0,5.10,42.1,1,6,0,0,0,0,24,1.70,194,127,10,0,0,450,.620,2,0,0,0,.143,17.27,0,2.00,8.93,4.46,10.84,5.74,0.00,0,0,,
624414,Christian Arroyo,5,73,64,29,14,1,6,45,13,2,69,3,.278,248,.321,.415,.736,1,5,.833,6,928,267,103,30,114,2,1,.318,1.14,0,41.33,4,0,0,0,0,.000,0.00,-.--,0.0,5,0,0,0,,,,,,,,,,,,,,,,,,,,,,,,,,,,,,,,,,
657136,Connor Wong,1,10,3,5,2,0,1,7,3,0,6,0,.250,24,.321,.458,.779,2,11,.846,0,107,29,11,5,7,1,1,.294,3.33,0,24.00,0,0,0,0,0,.000,0.00,0.00,1.0,1,0,0,0,,,,,,,,,,,,,,,,,,,,5,0,,,,,,,,,,,,0,1.93
660825,Eduard Bazardo,5,6,7,4,0,0,3,5,1,0,6,1,.250,24,.308,.625,.933,0,1,1.000,0,92,,15,,,0,0,,0.86,0,,0,0,1,0,1,1.000,0.20,1.50,6.0,5,0,0,0,6.00,6.0,0,0,0,0,0,0,4,1.17,26,18,5,0,0,60,.650,1,0,1,0,.---,15.33,2,5.00,7.50,1.50,9.00,6.00,4.50,0,0,,
571771,Enrique Hernandez,70,70,110,39,21,0,6,61,27,0,66,2,.218,303,.283,.347,.630,1,0,.000,10,1206,336,105,39,127,0,4,.250,0.64,0,50.50,69,1,171,0,172,1.000,2.46,2.57,602.0,70,1,0,0,,,,,,,,,,,,,,,,,,,,,,,,,,,,,,,,,,
676477,Garrett Whitlock,31,69,79,32,14,1,10,82,15,0,65,1,.222,293,.260,.379,.639,1,6,.857,5,1166,,111,,,0,2,,0.87,0,,9,6,6,0,12,1.000,0.39,1.38,78.1,31,0,0,0,3.45,78.1,4,2,6,8,4,2,30,1.02,311,235,31,0,0,793,.680,1,0,2,0,.667,14.89,10,5.47,9.42,1.72,7.47,3.68,1.15,1,0,,
502110,J.D. Martinez,123,100,121,64,38,0,11,129,49,1,129,5,.272,474,.343,.422,.765,0,0,.---,17,2163,534,200,53,238,0,5,.348,0.83,1,43.09,123,0,0,0,0,.000,0.00,-.--,0.0,123,0,0,0,,,,,,,,,,,,,,,,,,,,,,,,,,,,,,,,,,
670167,John Schreiber,57,65,40,16,11,2,2,66,13,0,38,4,.184,207,.244,.285,.529,2,0,.000,4,885,,59,,,1,1,,1.63,0,,0,8,6,0,14,1.000,0.25,2.17,58.1,57,1,0,0,2.01,58.1,3,3,7,10,20,3,13,0.87,226,175,57,0,0,565,.640,4,0,4,1,.500,15.17,12,5.08,10.18,2.01,5.86,2.47,0.31,42,13,,
672391,Kaleb Ort,18,12,31,17,5,0,1,20,11,1,28,2,.311,90,.394,.400,.794,1,3,.750,2,409,,36,,,0,1,,0.39,0,,0,1,1,0,2,1.000,0.11,0.82,22.1,18,1,0,0,6.04,22.1,1,1,0,1,0,1,15,1.75,104,67,18,0,0,262,.640,2,0,1,0,.500,18.31,4,1.82,8.06,4.43,11.28,6.85,0.40,7,4,,
598264,Matt Barnes,37,28,39,22,6,0,2,30,18,1,32,3,.252,127,.356,.346,.702,0,5,1.000,2,582,,44,,,1,1,,0.72,0,,0,2,2,0,4,1.000,0.11,1.13,32.2,37,0,0,0,5.23,32.2,0,4,5,7,3,2,19,1.53,150,98,37,0,0,357,.610,3,0,4,0,.000,17.82,11,1.67,8.27,4.96,8.82,6.06,0.55,3,0,,
621381,Matt Strahm,44,28,44,18,7,0,3,44,12,1,31,3,.212,146,.284,.322,.606,0,1,1.000,0,628,,47,,,0,1,,0.64,0,,0,4,1,1,6,.833,0.11,1.18,38.2,44,0,0,1,3.03,38.2,3,3,4,7,12,3,13,1.11,162,116,44,0,0,427,.680,3,1,2,0,.500,16.24,9,3.67,10.24,2.79,7.22,4.19,0.70,25,6,,
608379,Michael Wacha,20,114,127,35,20,1,11,92,26,0,91,3,.216,421,.265,.347,.612,0,4,1.000,8,1718,,146,,,0,3,,0.90,0,,20,12,8,0,20,1.000,1.00,1.58,114.0,20,0,0,0,2.61,114.0,11,1,0,0,0,0,33,1.03,453,342,20,1,1,1132,.660,3,0,3,0,.917,15.07,0,3.54,7.26,2.05,7.18,2.76,0.87,0,0,,
601713,Nick Pivetta,29,135,177,77,32,1,22,153,61,0,152,5,.248,614,.319,.410,.729,5,18,.783,6,2687,,252,,,0,3,,0.76,0,,29,8,11,0,19,1.000,0.66,1.07,160.2,29,1,0,0,4.31,160.2,9,11,0,0,0,0,77,1.33,683,482,29,1,0,1732,.640,5,1,6,0,.450,16.72,0,2.51,8.57,3.42,8.51,4.31,1.23,0,0,,
646240,Rafael Devers,3,126,128,76,38,1,26,102,41,10,143,6,.288,497,.348,.525,.873,1,3,.750,11,1945,546,261,79,199,0,2,.315,0.98,0,19.12,3,0,0,0,0,.000,0.00,-.--,0.0,3,0,0,0,,,,,,,,,,,,,,,,,,,,,,,,,,,,,,,,,,
624512,Reese McGuire,1,42,49,12,9,0,0,33,6,0,34,2,.225,151,.261,.285,.546,11,25,.694,2,598,166,43,10,55,5,2,.283,0.86,0,-.--,1,0,0,0,0,.000,0.00,-.--,0.0,1,0,0,0,0.00,1.0,0,0,0,0,0,0,0,0.00,3,3,1,0,0,6,.860,0,0,18,0,.---,7.00,1,-.--,0.00,0.00,0.00,0.00,0.00,0,0,2,3.43
448179,Rich Hill,22,98,113,56,25,6,12,86,33,0,103,4,.258,399,.320,.441,.761,2,5,.714,8,1646,,176,,,0,1,,0.87,0,,22,7,3,1,11,.909,0.45,0.88,102.2,22,1,0,1,4.56,102.2,7,6,0,0,0,0,52,1.32,437,308,22,0,0,1104,.670,4,1,0,0,.538,16.03,0,2.61,7.54,2.89,9.03,4.91,1.05,0,0,,
608701,Rob Refsnyder,7,26,28,20,9,0,4,36,14,0,39,3,.307,127,.384,.472,.856,1,1,.500,1,612,146,60,15,46,0,2,.393,0.93,0,31.75,4,0,0,0,0,.000,0.00,-.--,0.0,7,0,0,0,,,,,,,,,,,,,,,,,,,,,,,,,,,,,,,,,,
518489,Ryan Brasier,60,47,57,41,21,0,8,56,12,1,64,1,.292,219,.325,.498,.823,0,6,1.000,6,877,,109,,,0,5,,0.82,0,,0,6,0,1,7,.857,0.10,0.98,55.0,60,1,0,1,6.05,55.0,0,3,1,4,9,3,37,1.38,237,165,60,0,0,614,.700,1,0,1,1,.000,15.95,11,4.67,9.16,1.96,10.47,6.71,1.31,22,12,,
502054,Tommy Pham,8,80,83,57,11,1,11,100,42,0,81,1,.238,340,.320,.374,.694,2,7,.778,13,1566,387,127,39,139,0,4,.300,0.96,0,30.91,8,0,0,0,0,.000,0.00,-.--,0.0,8,0,0,0,,,,,,,,,,,,,,,,,,,,,,,,,,,,,,,,,,
596115,Trevor Story,94,60,94,53,22,0,16,122,32,4,85,3,.238,357,.303,.434,.737,0,13,1.000,9,1575,396,155,66,186,0,4,.309,0.64,0,22.31,92,215,157,6,378,.984,3.96,4.12,813.2,94,50,0,3,,,,,,,,,,,,,,,,,,,,,,,,,,,,,,,,,,
671213,Triston Casas,10,9,6,3,0,0,2,10,6,0,3,0,.107,28,.265,.321,.586,0,1,1.000,1,155,34,9,4,12,0,0,.063,1.50,0,14.00,8,3,72,0,75,1.000,7.50,9.38,72.0,10,4,0,0,,,,,,,,,,,,,,,,,,,,,,,,,,,,,,,,,,
641501,Tyler Danish,28,40,31,16,5,0,5,26,9,0,29,4,.230,126,.302,.389,.691,0,2,1.000,3,537,,49,,,0,0,,1.29,0,,0,3,2,0,5,1.000,0.18,1.36,33.1,28,0,0,0,4.05,33.1,3,1,0,0,3,0,15,1.14,139,100,28,0,0,337,.630,4,0,1,1,.750,16.11,9,2.89,7.02,2.43,7.83,4.32,1.35,7,3,,
593428,Xander Bogaerts,3,118,125,81,37,0,14,112,50,2,160,9,.315,508,.382,.470,.852,1,8,.889,13,2257,574,239,67,224,0,7,.375,0.94,0,36.29,1,0,0,0,0,.000,0.00,-.--,0.0,3,0,0,0,,,,,,,,,,,,,,,,,,,,,,,,,,,,,,,,,,
644374,Yu Chang,9,21,25,11,3,0,3,27,7,0,25,0,.260,96,.305,.385,.690,0,0,.---,3,393,105,37,12,41,0,2,.324,0.84,0,32.00,8,18,10,0,28,1.000,3.11,3.76,67.0,9,2,0,0,13.50,2.0,0,0,0,0,0,0,3,3.00,11,6,2,0,0,19,.730,0,0,0,0,.---,13.00,2,-.--,0.00,0.00,27.00,13.50,4.50,0,0,,
677161,Zack Kelly,7,9,6,3,2,0,0,7,4,0,6,0,.222,27,.313,.296,.609,1,1,.500,0,131,,8,,,0,1,,1.50,0,,0,2,1,0,3,1.000,0.43,3.86,7.2,7,0,0,0,3.52,7.2,0,0,0,0,0,0,3,1.30,32,23,7,0,0,83,.630,0,0,0,0,.---,17.09,2,1.75,8.22,4.70,7.04,3.52,0.00,1,1,,
676265,,13,20,53,17,9,0,8,32,16,0,30,3,.222,135,.318,.467,.785,0,3,1.000,0,605,,63,,,0,0,,0.38,0,,6,1,1,0,2,1.000,0.15,0.51,35.0,13,0,0,0,4.37,35.0,0,2,0,0,0,0,17,1.31,154,105,13,0,0,379,.630,3,0,1,0,.000,17.29,7,2.00,8.23,4.11,7.71,4.37,2.06,2,0,,
642708,Amed Rosario,5,178,132,75,25,7,9,101,23,0,159,4,.280,567,.312,.397,.709,3,13,.813,18,2154,597,225,60,233,0,3,.326,1.35,0,63.00,5,0,0,0,0,.000,0.00,-.--,0.0,5,0,0,0,,,,,,,,,,,,,,,,,,,,,,,,,,,,,,,,,,
665926,Andres Gimenez,18,107,111,59,25,2,16,96,31,3,131,19,.299,438,.369,.475,.844,3,18,.857,7,1810,495,208,62,178,4,3,.350,0.96,0,27.38,14,46,14,0,60,1.000,3.33,4.15,130.0,18,6,0,0,,,,,,,,,,,,,,,,,,,,,,,,,,,,,,,,,,
595978,Austin Hedges,93,70,88,25,4,0,7,68,21,0,47,6,.179,262,.254,.275,.529,12,43,.782,8,1105,300,72,28,121,9,2,.212,0.80,0,37.43,86,33,733,5,771,.994,8.24,9.25,745.2,93,4,0,5,,,,,,,,,,,,,,,,,,,,21,1,,,,,,,,,,,,1,3.52
543766,Bryan Shaw,56,0,0,0,0,0,0,0,0,0,0,0,.000,0,.000,.000,.000,0,0,.---,0,0,0,0,0,0,0,0,.---,-.--,0,-.--,2,2,6,0,8,1.000,0.14,1.36,53.1,56,0,0,0,5.57,53.1,6,2,1,1,5,0,33,1.44,239,160,56,0,0,552,.620,4,0,2,0,.750,16.73,10,1.96,7.93,4.05,8.94,5.74,1.35,19,5,,
615698,Cal Quantrill,28,167,188,72,27,1,19,114,43,0,157,8,.255,616,.309,.394,.703,4,14,.778,15,2578,,243,,,3,7,,0.89,0,,28,16,8,2,26,.923,0.86,1.32,164.0,28,0,0,2,3.51,164.0,12,5,0,0,0,0,64,1.22,677,492,28,0,0,1655,.640,8,0,2,2,.706,15.72,0,2.65,6.26,2.36,8.62,3.95,1.04,0,0,,
663752,Cody Morris,3,7,11,4,3,0,2,9,8,0,9,0,.250,36,.386,.500,.886,2,1,.333,1,190,,18,,,0,0,,0.64,0,,3,1,0,0,1,1.000,0.33,1.00,9.2,3,1,0,0,2.79,9.2,0,1,0,0,0,0,3,1.76,44,29,3,0,0,107,.560,0,0,1,0,.000,19.66,0,1.13,8.38,7.45,8.38,3.72,1.86,0,0,,
669212,Eli Morgan,43,34,69,28,12,1,10,66,11,0,41,2,.197,208,.242,.409,.651,1,5,.833,2,897,,85,,,0,2,,0.49,0,,1,4,3,0,7,1.000,0.16,1.11,57.0,43,0,0,0,3.79,57.0,5,3,0,4,10,4,24,0.91,223,171,43,0,0,610,.680,2,0,0,1,.625,15.74,6,6.00,10.42,1.74,6.47,4.42,1.58,21,6,,
661403,Emmanuel Clase,67,91,31,14,6,0,2,64,10,2,36,0,.164,220,.199,.218,.417,0,3,1.000,9,784,,48,,,1,1,,2.94,0,,0,6,7,0,13,1.000,0.19,1.89,62.2,67,1,0,0,1.29,62.2,2,4,36,39,0,3,9,0.73,232,188,67,0,0,585,.750,0,0,4,0,.333,12.51,60,6.40,9.19,1.44,5.17,2.01,0.29,5,2,,
660853,Los Santos,43,0,0,0,0,0,0,0,0,0,0,0,.000,0,.000,.000,.000,0,0,.---,0,0,0,0,0,0,0,0,.---,-.--,0,-.--,0,4,3,1,8,.875,0.16,1.37,46.1,43,0,0,1,2.91,46.1,4,0,1,2,3,1,15,1.08,187,139,43,0,0,496,.670,2,1,3,0,1.000,16.01,10,3.50,9.52,2.72,6.99,2.91,0.58,33,9,,
676391,Ernie Clement,6,46,46,17,3,0,0,24,11,0,29,2,.203,143,.268,.224,.492,1,0,.000,3,582,158,32,6,74,1,1,.242,1.00,0,-.--,0,0,0,0,0,.000,0.00,-.--,0.0,6,0,0,0,18.00,2.0,0,0,0,0,0,0,4,3.00,11,6,2,0,0,26,.620,0,0,1,0,.---,21.00,2,-.--,0.00,0.00,27.00,18.00,9.00,0,0,,
675916,James Karinchak,29,9,33,5,2,1,1,49,18,0,16,1,.151,106,.278,.217,.495,1,9,.900,0,547,,23,,,0,1,,0.27,0,,0,0,0,0,0,.000,0.00,0.00,30.2,29,0,0,0,1.47,30.2,1,0,3,3,7,0,5,1.11,126,92,29,0,0,323,.590,1,0,2,0,1.000,17.84,6,2.72,14.38,5.28,4.70,1.47,0.29,5,2,,
608070,Jose Ramirez,25,107,213,80,42,4,28,69,60,15,149,6,.280,532,.356,.532,.888,7,15,.682,5,2439,604,283,112,209,0,6,.274,0.50,0,19.00,25,0,0,0,0,.000,0.00,-.--,0.0,25,0,0,0,,,,,,,,,,,,,,,,,,,,,,,,,,,,,,,,,,
647304,Josh Naylor,25,134,99,39,23,0,17,66,28,2,102,5,.258,396,.311,.444,.755,1,5,.833,12,1533,434,176,66,172,0,5,.267,1.35,0,23.29,25,0,0,0,0,.000,0.00,-.--,0.0,25,0,0,0,,,,,,,,,,,,,,,,,,,,,,,,,,,,,,,,,,
668948,Kirk McCarty,9,29,34,17,4,0,8,18,11,0,30,0,.273,110,.336,.527,.863,1,0,.000,2,447,,58,,,0,1,,0.85,0,,2,3,1,0,4,1.000,0.44,1.29,28.2,9,0,0,0,5.02,28.2,3,2,0,1,0,1,16,1.43,122,86,9,0,0,294,.660,0,0,0,1,.600,15.59,4,1.64,5.65,3.45,9.42,5.34,2.51,1,0,,
663455,Konnor Pilkington,14,46,65,30,8,1,6,44,30,0,52,2,.252,206,.351,.388,.739,3,0,.000,2,958,,80,,,0,1,,0.71,0,,10,6,1,2,9,.778,0.50,1.21,52.1,14,0,0,1,4.30,52.1,1,2,0,0,0,0,25,1.57,239,157,14,0,0,573,.600,2,0,1,1,.333,18.31,3,1.47,7.57,5.16,8.94,5.16,1.03,0,0,,
571912,Luke Maile,65,30,47,17,10,0,2,46,18,0,35,2,.226,155,.309,.329,.638,13,28,.683,3,719,178,51,15,73,0,3,.300,0.64,0,77.50,48,21,411,0,432,1.000,6.65,8.72,446.1,65,2,0,0,,,,,,,,,,,,,,,,,,,,18,1,,,,,,,,,,,,1,3.55
664702,Myles Straw,136,152,155,63,20,2,0,76,48,0,103,1,.214,482,.285,.263,.548,1,17,.944,4,2117,535,127,26,209,1,3,.252,0.98,0,-.--,129,12,328,1,341,.997,2.50,2.64,1159.0,136,2,0,1,,,,,,,,,,,,,,,,,,,,,,,,,,,,,,,,,,
680704,Nick Sandlin,40,44,30,10,5,0,2,36,22,3,22,1,.167,132,.290,.250,.540,0,5,1.000,4,644,,33,,,0,0,,1.47,0,,0,4,1,1,6,.833,0.13,1.18,38.0,40,1,0,1,2.13,38.0,5,2,0,2,6,2,9,1.16,155,114,40,0,0,399,.620,1,0,1,0,.714,16.95,10,1.64,8.53,5.21,5.21,2.37,0.47,24,8,,
660757,Oscar Gonzalez,4,80,59,27,24,0,9,60,12,2,86,3,.303,284,.337,.482,.819,1,1,.500,6,1130,300,137,35,118,0,1,.356,1.36,0,31.56,4,0,0,0,0,.000,0.00,-.--,0.0,4,0,0,0,,,,,,,,,,,,,,,,,,,,,,,,,,,,,,,,,,
680911,Owen Miller,21,108,113,49,25,1,5,86,26,1,99,7,.249,397,.301,.355,.656,0,1,1.000,7,1676,439,141,48,174,0,9,.298,0.96,0,79.40,13,0,0,0,0,.000,0.00,-.--,0.0,21,0,0,0,,,,,,,,,,,,,,,,,,,,,,,,,,,,,,,,,,
680700,Richie Palacios,10,31,33,7,6,0,0,19,9,1,26,1,.241,108,.303,.296,.599,0,2,1.000,1,497,119,32,10,55,0,1,.289,0.94,0,-.--,10,0,0,0,0,.000,0.00,-.--,0.0,10,0,0,0,,,,,,,,,,,,,,,,,,,,,,,,,,,,,,,,,,
656529,Sam Hentges,50,68,29,16,7,0,3,62,17,1,37,2,.191,194,.262,.273,.535,1,5,.833,4,821,,53,,,1,1,,2.34,0,,0,10,3,1,14,.929,0.26,2.17,54.1,50,1,0,1,2.65,54.1,3,2,0,0,5,0,16,0.99,215,163,50,0,0,544,.660,2,0,3,0,.600,15.11,14,3.65,10.27,2.82,6.13,2.65,0.50,20,5,,
669456,Shane Bieber,28,181,161,62,24,2,16,184,35,0,152,2,.226,672,.265,.339,.604,4,8,.667,16,2605,,228,,,3,3,,1.12,0,,28,16,14,1,31,.968,1.07,1.49,181.1,28,1,0,1,2.83,181.1,10,8,0,0,0,0,57,1.03,715,544,28,1,0,1753,.670,2,1,5,0,.556,14.37,0,5.26,9.13,1.74,7.54,3.08,0.79,0,0,,
680757,Steven Kwan,2,137,166,72,21,5,4,53,57,1,141,5,.287,492,.364,.374,.738,5,15,.750,8,2321,559,184,39,199,1,4,.312,0.83,0,123.00,2,0,0,0,0,.000,0.00,-.--,0.0,2,0,0,0,,,,,,,,,,,,,,,,,,,,,,,,,,,,,,,,,,
663986,Trevor Stephan,58,49,47,19,11,0,3,74,14,2,53,3,.242,219,.295,.333,.628,0,9,1.000,3,917,,73,,,3,1,,1.04,0,,0,2,5,2,9,.778,0.12,1.11,57.2,58,0,0,2,2.34,57.2,6,4,2,4,16,2,15,1.16,240,173,58,0,0,610,.670,3,0,2,0,.600,15.90,6,5.29,11.55,2.18,8.27,2.97,0.47,16,4,,
663474,Triston McKenzie,28,113,217,61,27,2,24,167,43,0,125,5,.202,619,.259,.368,.627,4,6,.600,10,2546,,228,,,1,2,,0.52,0,,27,8,12,0,20,1.000,0.71,1.05,172.1,28,1,0,0,3.08,172.1,10,11,0,0,0,0,59,0.97,670,517,28,0,0,1702,.670,5,0,8,0,.476,14.77,1,3.88,8.72,2.25,6.53,3.19,1.25,0,0,,
671289,Tyler Freeman,5,18,20,6,3,0,0,6,3,0,15,4,.259,58,.333,.310,.643,0,1,1.000,2,268,66,18,3,36,0,1,.283,0.90,0,-.--,5,9,9,0,18,1.000,3.60,3.52,46.0,5,4,0,0,,,,,,,,,,,,,,,,,,,,,,,,,,,,,,,,,,
666181,Will Benson,2,12,11,7,1,0,0,16,3,0,8,2,.170,47,.250,.191,.441,0,0,.---,1,197,52,9,3,26,0,0,.258,1.09,0,-.--,2,0,0,0,0,.000,0.00,-.--,0.0,2,0,0,0,,,,,,,,,,,,,,,,,,,,,,,,,,,,,,,,,,
676265,,13,20,53,17,9,0,8,32,16,0,30,3,.222,135,.318,.467,.785,0,3,1.000,0,605,,63,,,0,0,,0.38,0,,6,1,1,0,2,1.000,0.15,0.51,35.0,13,0,0,0,4.37,35.0,0,2,0,0,0,0,17,1.31,154,105,13,0,0,379,.630,3,0,1,0,.000,17.29,7,2.00,8.23,4.11,7.71,4.37,2.06,2,0,,
572041,AJ Pollock,14,119,124,54,24,1,11,90,29,0,105,2,.242,434,.290,.378,.668,1,2,.667,12,1648,469,164,48,210,0,4,.279,0.96,0,39.46,11,0,20,0,20,1.000,1.43,1.98,91.0,14,0,0,0,,,,,,,,,,,,,,,,,,,,,,,,,,,,,,,,,,
607481,Aaron Bummer,24,0,0,0,0,0,0,0,0,0,0,0,.000,0,.000,.000,.000,0,0,.---,0,0,0,0,0,0,0,0,.---,-.--,0,-.--,0,2,0,0,2,1.000,0.08,0.90,20.2,24,0,0,0,3.05,20.2,2,1,1,3,9,2,7,1.55,93,62,24,0,0,215,.590,2,0,0,1,.667,17.66,2,2.40,10.45,4.35,9.58,4.35,0.87,11,5,,
641553,Adam Engel,2,43,62,30,12,1,2,68,11,1,50,3,.224,223,.270,.314,.584,3,12,.800,2,915,237,70,15,99,0,0,.314,0.69,0,111.50,0,0,0,0,0,.000,0.00,-.--,0.0,2,0,0,0,,,,,,,,,,,,,,,,,,,,,,,,,,,,,,,,,,
683734,Andrew Vaughn,29,138,115,57,28,1,16,81,28,0,133,9,.287,463,.337,.456,.793,0,0,.---,12,1899,504,211,69,167,0,4,.316,1.20,0,28.94,29,0,0,0,0,.000,0.00,-.--,0.0,29,0,0,0,,,,,,,,,,,,,,,,,,,,,,,,,,,,,,,,,,
663436,Davis Martin,10,43,54,22,8,0,5,30,15,1,40,2,.244,164,.313,.384,.697,0,3,1.000,3,710,,63,,,2,1,,0.80,1,,5,7,3,0,10,1.000,1.00,2.05,44.0,10,2,0,0,4.09,44.0,2,4,0,1,0,1,20,1.25,185,132,10,0,0,466,.660,2,0,3,1,.333,16.14,1,2.00,6.14,3.07,8.18,4.50,1.02,2,0,,
656302,Dylan Cease,29,113,164,50,23,1,14,214,68,2,113,2,.187,603,.272,.299,.571,4,10,.714,4,2814,,180,,,1,0,,0.69,0,,29,7,2,2,11,.818,0.31,0.49,167.0,29,0,0,2,2.16,167.0,14,7,0,0,0,0,40,1.08,674,501,29,1,1,1758,.620,2,1,7,1,.667,16.85,0,3.15,11.53,3.66,6.09,2.69,0.75,0,0,,
650391,Eloy Jimenez,37,63,54,31,9,0,13,53,25,0,75,2,.310,242,.375,.508,.883,0,0,.---,6,977,272,123,45,86,0,3,.346,1.17,0,18.62,37,0,0,0,0,.000,0.00,-.--,0.0,37,0,0,0,,,,,,,,,,,,,,,,,,,,,,,,,,,,,,,,,,
462101,Elvis Andrus,3,34,23,17,6,0,6,17,7,0,35,0,.321,109,.362,.541,.903,0,4,1.000,1,438,116,59,21,41,0,0,.337,1.48,0,18.17,3,0,0,0,0,.000,0.00,-.--,0.0,3,0,0,0,,,,,,,,,,,,,,,,,,,,,,,,,,,,,,,,,,
657757,Gavin Sheets,15,79,105,28,18,0,13,71,24,0,79,3,.239,331,.294,.411,.705,0,0,.---,9,1505,361,136,46,163,0,3,.264,0.75,0,25.46,15,0,0,0,0,.000,0.00,-.--,0.0,15,0,0,0,,,,,,,,,,,,,,,,,,,,,,,,,,,,,,,,,,
518617,Jake Diekman,19,12,8,8,2,0,2,23,9,1,15,2,.259,58,.377,.397,.774,0,2,1.000,0,284,,23,,,0,0,,1.50,0,,0,1,2,0,3,1.000,0.16,1.93,14.0,19,0,0,0,3.86,14.0,0,2,0,0,4,0,6,1.71,69,42,19,0,0,174,.610,2,0,0,0,.000,20.29,1,2.56,14.79,5.79,9.64,5.14,1.29,6,2,,
669424,Jimmy Lambert,36,35,51,14,7,1,4,39,16,0,39,1,.241,162,.311,.370,.681,1,5,.833,2,713,0,60,0,0,1,1,.---,0.69,0,-.--,2,4,0,0,4,1.000,0.11,0.86,42.1,36,0,0,0,2.76,42.1,1,2,0,1,6,1,13,1.30,181,127,36,0,0,468,.660,1,0,4,0,.333,16.84,6,2.44,8.29,3.40,8.29,2.98,0.85,22,8,,
523260,Joe Kelly,38,39,13,25,8,0,2,44,21,0,33,3,.258,128,.373,.367,.740,0,4,1.000,2,630,,47,,,0,1,,3.00,0,,1,4,3,0,7,1.000,0.18,1.97,32.2,38,1,0,0,6.61,32.2,1,3,1,1,13,0,24,1.65,153,98,38,0,0,380,.600,3,0,3,1,.250,19.29,3,2.10,12.12,5.79,9.09,6.89,0.55,6,3,,
456501,Johnny Cueto,22,155,155,54,31,1,14,88,31,1,137,6,.259,529,.305,.401,.706,2,4,.667,18,2100,,212,,,1,5,,1.00,0,,21,12,10,0,22,1.000,1.00,1.42,139.2,22,2,0,0,3.09,139.2,7,8,0,1,0,1,48,1.20,572,419,22,1,0,1368,.650,6,1,2,1,.467,15.04,0,2.84,5.67,2.00,8.83,3.48,0.90,0,0,,
547989,Jose Abreu,27,153,126,79,35,0,15,102,59,2,171,9,.312,548,.385,.458,.843,0,0,.---,16,2529,620,251,71,244,0,4,.359,1.21,0,36.53,27,0,0,0,0,.000,0.00,-.--,0.0,27,0,0,0,,,,,,,,,,,,,,,,,,,,,,,,,,,,,,,,,,
614179,Jose Ruiz,57,48,51,26,12,1,7,62,27,0,48,0,.233,206,.318,.403,.721,1,7,.875,3,1016,,83,,,0,3,,0.94,0,,0,4,2,0,6,1.000,0.11,1.00,54.2,57,1,0,0,4.12,54.2,1,0,0,0,11,0,25,1.37,236,164,57,0,0,609,.600,0,1,4,0,1.000,18.59,19,2.30,10.21,4.45,7.90,4.28,1.15,27,11,,
543281,Josh Harrison,4,99,98,46,18,2,6,66,21,0,88,12,.253,348,.317,.368,.685,1,1,.500,8,1392,384,128,24,145,2,1,.296,1.01,0,58.00,1,0,0,0,0,.000,0.00,-.--,0.0,4,0,0,0,18.00,3.0,0,0,0,0,0,0,6,3.67,18,9,3,0,0,33,.580,0,0,0,0,.---,19.00,3,1.00,6.00,6.00,27.00,18.00,3.00,0,0,,
608665,Kendall Graveman,59,65,48,23,8,2,5,62,23,1,58,1,.251,231,.319,.368,.687,0,3,1.000,6,947,0,85,0,0,0,2,.---,1.35,0,-.--,0,4,3,1,8,.875,0.12,1.07,59.2,59,0,0,1,2.72,59.2,3,3,6,11,24,5,18,1.36,257,179,59,0,0,605,.640,1,0,2,0,.500,15.87,14,2.70,9.35,3.47,8.75,3.47,0.75,8,2,,
458681,Lance Lynn,18,91,108,54,17,0,16,113,16,0,95,9,.235,405,.278,.395,.673,2,0,.000,3,1728,,160,,,0,2,,0.84,0,,18,3,1,0,4,1.000,0.22,0.35,103.2,18,0,0,0,3.99,103.2,7,5,0,0,0,0,46,1.07,432,311,18,0,0,1131,.650,9,0,3,0,.583,16.67,0,7.06,9.81,1.39,8.25,4.69,1.39,0,0,,
544725,Leury Garcia,5,100,76,38,8,0,3,65,7,0,63,3,.211,299,.234,.268,.502,0,2,1.000,6,1153,314,80,20,125,2,3,.256,1.32,0,99.67,0,0,0,0,0,.000,0.00,-.--,0.0,5,0,0,0,,,,,,,,,,,,,,,,,,,,,,,,,,,,,,,,,,
521230,Liam Hendriks,52,0,0,0,0,0,0,0,0,0,0,0,.000,0,.000,.000,.000,0,0,.---,0,0,0,0,0,0,0,0,.---,-.--,0,-.--,0,5,1,1,7,.857,0.12,1.06,51.2,52,0,0,1,3.14,51.2,3,4,33,37,0,4,18,1.06,211,155,52,0,0,525,.630,1,0,8,0,.429,16.24,47,5.69,12.89,2.26,7.32,3.83,1.22,8,4,,
608337,Lucas Giolito,27,122,130,85,35,3,23,158,55,1,159,1,.281,565,.344,.476,.820,1,5,.833,15,2479,,269,,,0,4,,0.94,0,,27,11,5,0,16,1.000,0.59,1.01,143.2,27,1,0,0,5.07,143.2,10,9,0,0,0,0,81,1.49,625,431,27,0,0,1587,.640,1,0,3,1,.526,17.26,0,2.87,9.90,3.45,9.96,5.32,1.44,0,0,,
673357,Luis Robert,4,95,95,54,18,0,12,74,17,1,108,3,.291,371,.327,.437,.764,3,11,.786,6,1325,392,162,56,158,0,1,.336,1.00,0,30.92,3,0,0,0,0,.000,0.00,-.--,0.0,4,0,0,0,,,,,,,,,,,,,,,,,,,,,,,,,,,,,,,,,,
625643,Reynaldo Lopez,54,51,60,22,12,3,1,59,11,1,45,1,.215,209,.254,.316,.570,1,6,.857,4,895,0,66,0,0,3,3,.---,0.85,1,-.--,1,6,6,1,13,.923,0.22,1.86,58.1,54,0,0,1,2.93,58.1,5,3,0,4,8,4,19,0.96,228,175,54,0,0,588,.660,1,0,4,0,.625,15.34,7,5.36,9.10,1.70,6.94,3.39,0.15,27,8,,
663853,Romy Gonzalez,1,15,13,12,4,0,2,23,2,0,21,0,.296,71,.311,.437,.748,1,0,.000,2,252,74,31,10,31,0,1,.404,1.15,0,35.50,0,0,0,0,0,.000,0.00,0.00,2.0,1,0,0,0,,,,,,,,,,,,,,,,,,,,,,,,,,,,,,,,,,
664874,Seby Zavala,2,21,45,20,13,0,2,60,18,0,45,3,.271,166,.349,.386,.735,5,19,.792,1,824,192,64,20,85,3,2,.406,0.47,0,83.00,0,0,0,0,0,.000,0.00,-.--,0.0,2,0,0,0,,,,,,,,,,,,,,,,,,,,13,0,,,,,,,,,,,,4,3.97
592826,Vince Velasquez,22,56,81,39,20,0,10,52,19,0,61,2,.246,248,.304,.448,.752,0,3,1.000,2,1089,,111,,,1,1,,0.69,0,,8,2,2,3,7,.571,0.18,0.57,63.0,22,0,0,1,5.29,63.0,3,3,0,0,1,0,37,1.27,271,189,22,0,0,702,.640,2,1,0,0,.500,17.29,5,2.74,7.43,2.71,8.71,5.57,1.43,3,2,,
518735,Yasmani Grandal,24,74,89,14,6,0,5,69,41,1,59,2,.204,289,.305,.277,.582,8,36,.818,8,1390,334,80,26,136,0,2,.249,0.83,1,57.80,24,0,0,0,0,.000,0.00,-.--,0.0,24,0,0,0,,,,,,,,,,,,,,,,,,,,24,0,,,,,,,,,,,,8,4.13
660162,Yoan Moncada,86,83,84,35,13,1,10,99,29,2,71,2,.212,335,.278,.346,.624,0,0,.---,5,1485,368,116,46,157,1,1,.269,0.99,0,33.50,83,145,68,4,217,.982,2.48,2.66,722.2,86,15,0,1,,,,,,,,,,,,,,,,,,,,,,,,,,,,,,,,,,
676265,,13,20,53,17,9,0,8,32,16,0,30,3,.222,135,.318,.467,.785,0,3,1.000,0,605,,63,,,0,0,,0.38,0,,6,1,1,0,2,1.000,0.15,0.51,35.0,13,0,0,0,4.37,35.0,0,2,0,0,0,0,17,1.31,154,105,13,0,0,379,.630,3,0,1,0,.000,17.29,7,2.00,8.23,4.11,7.71,4.37,2.06,2,0,,
592717,Aaron Sanchez,6,29,19,10,6,0,1,21,7,0,25,4,.266,94,.343,.362,.705,1,2,.667,2,400,,34,,,0,0,,1.53,0,,3,3,2,0,5,1.000,0.83,1.96,23.0,6,0,0,0,3.75,24.0,0,1,0,0,0,0,10,1.33,105,72,6,0,0,261,.650,4,0,0,0,.000,16.67,0,3.00,7.88,2.63,9.38,3.75,0.38,1,0,,
641927,Bailey Ober,8,21,59,17,7,2,2,34,8,0,37,2,.250,148,.294,.365,.659,0,1,1.000,2,596,,54,,,1,2,,0.36,0,,8,2,1,0,3,1.000,0.38,0.71,38.2,8,0,0,0,3.49,38.2,1,2,0,0,0,0,15,1.16,161,116,8,0,0,397,.670,2,1,0,0,.333,15.41,0,4.25,7.91,1.86,8.61,3.96,0.47,0,0,,
571740,Billy Hamilton,5,4,1,9,0,0,0,8,1,0,1,0,.077,13,.143,.077,.220,0,7,1.000,0,59,15,1,0,7,1,0,.200,4.00,0,-.--,3,0,5,0,5,1.000,1.00,1.55,29.0,5,0,0,0,,,,,,,,,,,,,,,,,,,,,,,,,,,,,,,,,,
643348,Caleb Hamilton,2,2,0,1,0,0,0,6,0,0,0,0,.000,7,.000,.000,.000,0,2,1.000,0,34,8,0,0,5,1,0,.000,2.00,0,-.--,0,0,4,0,4,1.000,2.00,9.00,4.0,2,1,0,0,,,,,,,,,,,,,,,,,,,,1,0,,,,,,,,,,,,0,6.00
573204,Caleb Thielbar,61,0,0,0,0,0,0,0,0,0,0,0,.000,0,.000,.000,.000,0,0,.---,0,0,0,0,0,0,0,0,.---,-.--,0,-.--,0,3,3,1,7,.857,0.10,1.00,54.1,61,0,0,1,3.48,54.1,3,2,1,2,18,1,21,1.16,224,163,61,0,0,626,.690,0,2,0,1,.600,16.60,10,3.94,11.76,2.98,7.45,4.14,0.83,39,7,,
621043,Carlos Correa,2,112,112,63,20,1,21,107,55,2,129,2,.283,456,.360,.469,.829,0,0,.---,15,2128,517,214,58,174,0,4,.325,1.00,0,21.71,2,0,0,0,0,.000,0.00,-.--,0.0,2,0,0,0,,,,,,,,,,,,,,,,,,,,,,,,,,,,,,,,,,
605164,Dylan Bundy,26,107,180,68,27,2,20,87,25,0,135,3,.268,503,.304,.449,.753,1,8,.889,5,1953,,226,,,0,6,,0.59,0,,26,5,3,0,8,1.000,0.31,0.57,127.0,26,0,0,0,4.68,127.0,8,7,0,0,0,0,66,1.26,537,381,26,0,0,1355,.690,3,0,2,0,.533,15.38,0,3.48,6.17,1.77,9.57,4.82,1.42,0,0,,
641941,Emilio Pagan,53,43,49,35,13,1,12,73,23,2,57,1,.259,220,.331,.491,.822,1,1,.500,2,1007,,108,,,1,1,,0.88,0,,0,3,2,1,6,.833,0.09,0.82,55.2,53,1,0,1,4.85,55.2,4,6,9,16,7,7,30,1.44,246,167,53,0,0,659,.650,1,0,3,0,.400,18.09,25,3.17,11.80,3.72,9.22,5.66,1.94,13,5,,
596142,Gary Sanchez,28,92,87,37,22,0,14,117,31,0,80,4,.214,373,.280,.386,.666,14,31,.689,11,1629,411,144,52,163,0,3,.269,1.06,1,26.64,28,0,0,0,0,.000,0.00,-.--,0.0,28,0,0,0,,,,,,,,,,,,,,,,,,,,23,0,,,,,,,,,,,,4,4.37
665482,Gilberto Celestino,8,86,49,27,10,1,2,67,24,0,64,2,.242,264,.310,.311,.621,1,2,.667,11,1171,292,82,19,121,2,0,.318,1.76,0,132.00,5,1,11,0,12,1.000,1.50,2.45,44.0,8,0,0,0,,,,,,,,,,,,,,,,,,,,,,,,,,,,,,,,,,
570482,Gio Urshela,2,108,132,50,24,3,12,83,33,1,119,1,.274,435,.321,.425,.746,0,1,1.000,19,1727,476,185,55,201,0,7,.308,0.82,0,36.25,2,0,0,0,0,.000,0.00,-.--,0.0,2,0,0,0,,,,,,,,,,,,,,,,,,,,,,,,,,,,,,,,,,
643377,Griffin Jax,58,64,56,27,7,2,7,72,17,1,51,3,.212,241,.271,.344,.615,0,3,1.000,7,1051,,83,,,1,1,,1.14,0,,0,3,2,1,6,.833,0.09,0.68,66.1,58,0,0,0,3.39,66.1,6,3,1,7,18,6,25,1.03,263,199,58,0,0,711,.680,3,0,2,0,.667,15.84,10,4.24,9.77,2.31,6.92,3.66,0.95,17,7,,
595909,Jake Cave,9,19,31,10,3,2,4,32,7,0,21,0,.206,102,.255,.392,.647,0,1,1.000,1,449,110,40,13,50,0,1,.254,0.61,0,25.50,6,0,16,0,16,1.000,1.78,2.57,56.2,9,0,0,0,,,,,,,,,,,,,,,,,,,,,,,,,,,,,,,,,,
650339,Jermaine Palacios,10,8,11,4,0,0,0,13,2,0,5,0,.143,35,.184,.143,.327,0,0,.---,0,161,39,5,2,15,1,1,.217,0.73,0,-.--,9,23,4,2,29,.931,2.70,3.12,78.2,10,3,0,1,0.00,0.1,0,0,0,0,0,0,0,0.00,1,1,1,0,0,3,.750,0,0,0,0,.---,12.00,1,-.--,27.00,0.00,0.00,0.00,0.00,1,0,,
661395,Jhoan Duran,54,70,32,14,4,1,6,85,15,3,47,4,.203,231,.263,.307,.570,2,4,.667,8,967,0,71,0,0,2,1,.---,2.19,0,-.--,0,5,1,1,7,.857,0.11,0.84,64.2,54,1,0,1,1.81,64.2,2,4,7,7,18,0,13,0.96,253,194,54,0,0,671,.690,4,0,6,0,.333,14.95,15,5.67,11.83,2.09,6.54,1.95,0.84,9,2,,
657746,Joe Ryan,24,71,177,57,26,2,20,133,41,0,103,9,.213,483,.287,.400,.687,3,11,.786,5,2136,,193,,,1,0,,0.40,0,,24,11,2,1,14,.929,0.54,0.91,129.1,24,0,0,1,3.83,129.1,11,8,0,0,0,0,55,1.11,534,388,24,0,0,1428,.670,9,0,2,2,.579,16.52,0,3.24,9.26,2.85,7.17,3.97,1.39,0,0,,
605347,Jorge Lopez,16,17,12,7,3,1,0,12,9,3,18,2,.305,59,.414,.390,.804,0,1,1.000,2,252,0,23,0,0,0,0,.---,1.42,0,-.--,0,3,0,1,4,.750,0.19,1.80,15.1,16,0,0,1,4.11,15.1,0,1,4,6,1,2,7,1.76,70,46,16,0,0,168,.670,2,0,1,0,.000,16.43,10,1.33,7.04,5.28,10.57,4.11,0.00,0,0,,
669304,Jose Miranda,17,92,103,38,22,0,15,79,25,0,103,8,.274,376,.332,.452,.784,1,1,.500,16,1552,410,170,64,179,0,1,.311,0.89,0,25.07,17,0,0,0,0,.000,0.00,-.--,0.0,17,0,0,0,,,,,,,,,,,,,,,,,,,,,,,,,,,,,,,,,,
680739,Josh Winder,11,42,68,23,12,0,8,33,15,0,46,2,.246,187,.306,.439,.745,2,8,.800,3,783,,82,,,0,2,,0.62,0,,7,1,0,0,1,1.000,0.09,0.18,49.1,11,0,0,0,3.83,49.1,4,4,0,0,0,0,21,1.24,206,148,11,0,0,506,.650,2,0,1,0,.500,15.87,0,2.20,6.02,2.74,8.39,4.20,1.46,0,0,,
663558,Jovani Moran,24,25,24,10,7,0,0,44,18,0,21,0,.186,113,.295,.248,.543,0,4,1.000,1,559,,28,,,0,1,,1.04,0,,0,3,0,0,3,1.000,0.13,0.87,31.1,24,0,0,0,2.59,31.1,0,1,1,1,0,0,9,1.24,132,94,24,0,0,340,.610,0,0,2,0,.000,17.84,13,2.44,12.64,5.17,6.03,2.87,0.00,6,3,,
686973,Louie Varland,2,9,10,6,3,0,2,10,3,1,12,0,.293,41,.341,.512,.853,0,0,.---,2,171,,21,,,0,0,,0.90,0,,2,1,0,0,1,1.000,0.50,0.90,10.1,2,0,0,0,5.23,10.1,0,0,0,0,0,0,6,1.45,44,31,2,0,0,115,.670,0,0,0,0,.---,16.55,0,3.33,8.71,2.61,10.45,5.23,1.74,0,0,,
650333,Luis Arraez,32,146,154,80,29,1,8,41,47,2,157,2,.317,495,.377,.428,.805,4,4,.500,4,2212,547,212,46,143,0,3,.332,0.95,0,61.88,28,0,0,0,0,.000,0.00,-.--,0.0,32,0,0,0,,,,,,,,,,,,,,,,,,,,,,,,,,,,,,,,,,
676628,Mark Contreras,5,9,9,5,0,0,2,10,0,0,4,0,.129,31,.125,.323,.448,0,0,.---,2,100,32,10,4,15,0,1,.100,1.00,0,15.50,4,0,7,0,7,1.000,1.40,1.70,37.0,5,0,0,0,,,,,,,,,,,,,,,,,,,,,,,,,,,,,,,,,,
605242,Michael Fulmer,20,20,12,6,6,0,2,20,6,2,20,1,.282,71,.342,.451,.793,1,2,.667,2,304,0,32,0,0,0,1,.---,1.67,0,-.--,0,2,1,0,3,1.000,0.15,1.50,18.2,20,1,0,0,2.89,18.2,2,1,1,1,6,0,6,1.39,79,56,20,0,0,193,.630,1,0,2,0,.667,16.29,3,3.33,9.64,2.89,9.64,2.89,0.96,4,1,,
624503,Nick Gordon,1,3,8,9,2,0,2,0,4,0,10,0,.476,21,.560,.857,1.417,0,0,.---,0,85,377,18,38,138,0,0,.355,0.38,0,49.86,0,0,0,0,0,.000,0.00,-.--,0.0,1,0,0,0,22.09,3.2,0,0,0,0,0,0,9,3.82,25,11,4,0,0,40,.470,0,0,0,0,.---,23.18,3,0.00,0.00,9.82,24.55,22.09,4.91,0,0,,
506702,Sandy Leon,22,10,12,6,3,0,0,22,7,0,8,0,.160,50,.263,.220,.483,2,17,.895,0,264,59,11,4,23,2,0,.286,0.83,0,-.--,20,2,173,2,177,.989,7.95,9.60,164.0,22,0,0,2,0.00,2.0,0,0,0,0,0,0,0,0.00,6,6,1,0,0,11,.650,0,0,4,0,.---,8.50,1,-.--,0.00,0.00,0.00,0.00,0.00,0,0,3,3.51
543243,Sonny Gray,23,113,113,40,16,2,10,116,35,0,94,6,.218,431,.284,.334,.618,1,7,.875,8,1828,,144,,,1,4,,1.00,0,,23,12,5,0,17,1.000,0.74,1.31,117.2,23,1,0,0,2.83,117.2,8,4,0,0,0,0,37,1.10,477,353,23,0,0,1166,.640,6,0,3,1,.667,15.54,0,3.31,8.87,2.68,7.19,3.06,0.76,0,0,,
656730,Trevor Megill,35,34,40,23,6,0,4,45,14,0,43,1,.267,161,.328,.379,.707,3,6,.667,4,680,,61,,,0,1,,0.85,0,,0,1,1,2,4,.500,0.06,0.44,41.2,35,0,0,2,3.89,41.2,4,3,0,2,3,2,18,1.37,177,125,35,0,0,451,.660,1,0,2,0,.571,16.32,9,3.21,9.72,3.02,9.29,4.97,0.86,16,4,,
676265,,13,20,53,17,9,0,8,32,16,0,30,3,.222,135,.318,.467,.785,0,3,1.000,0,605,,63,,,0,0,,0.38,0,,6,1,1,0,2,1.000,0.15,0.51,35.0,13,0,0,0,4.37,35.0,0,2,0,0,0,0,17,1.31,154,105,13,0,0,379,.630,3,0,1,0,.000,17.29,7,2.00,8.23,4.11,7.71,4.37,2.06,2,0,,
607237,Amir Garrett,52,27,45,23,5,2,0,43,30,0,24,4,.174,138,.335,.239,.574,0,6,1.000,5,721,,33,,,0,1,,0.60,0,,0,2,0,0,2,1.000,0.04,0.45,40.0,52,0,0,0,4.95,40.0,3,1,0,0,9,0,22,1.35,173,120,52,0,0,424,.590,4,1,6,0,.750,18.03,3,1.43,9.68,6.75,5.40,5.18,0.00,35,3,,
664948,Anthony Misiewicz,17,11,18,7,5,0,1,8,6,0,14,0,.275,51,.351,.431,.782,0,0,.---,4,234,,22,,,0,0,,0.61,0,,0,0,0,0,0,.000,0.00,0.00,13.2,17,0,0,0,4.61,13.2,0,1,0,0,3,0,7,1.46,57,41,17,0,0,138,.590,0,0,0,0,.000,17.12,3,1.33,5.27,3.95,9.22,4.61,0.66,11,5,,
677951,Witt Jr.,2,99,179,72,27,6,20,120,27,2,129,6,.247,522,.289,.437,.726,7,27,.794,10,2062,560,228,72,224,0,5,.282,0.55,0,26.10,2,0,0,0,0,.000,0.00,-.--,0.0,2,0,0,0,,,,,,,,,,,,,,,,,,,,,,,,,,,,,,,,,,
641745,Brad Keller,30,170,125,84,22,4,17,95,55,1,146,2,.275,531,.343,.427,.770,2,5,.714,12,2170,,227,,,1,4,,1.36,0,,22,10,13,1,24,.958,0.77,1.54,134.1,30,0,0,0,5.16,134.1,6,13,0,0,1,0,77,1.50,593,403,30,0,0,1351,.620,2,0,11,0,.316,16.15,2,1.73,6.36,3.68,9.78,5.63,1.14,0,0,,
663903,Brady Singer,24,135,116,51,15,1,16,131,31,0,123,9,.246,499,.301,.377,.678,4,2,.333,14,2085,,188,,,4,2,,1.16,0,,21,14,6,1,21,.952,0.83,1.34,134.2,24,0,0,1,3.21,134.2,8,4,0,0,0,0,48,1.14,545,404,24,0,0,1364,.650,9,1,3,1,.667,15.48,2,4.23,8.75,2.07,8.22,3.41,1.07,0,0,,
672578,Carlos Hernandez,18,46,65,44,16,1,7,28,25,1,64,1,.323,198,.393,.520,.913,1,4,.800,3,877,0,103,0,0,0,5,.---,0.71,0,-.--,7,6,2,0,8,1.000,0.44,1.50,48.0,18,0,0,0,7.88,48.0,0,5,0,0,0,0,42,1.85,229,144,18,0,0,541,.620,1,0,2,0,.000,18.27,3,1.12,5.25,4.69,12.00,8.25,1.31,3,0,,
676092,Collin Snider,37,0,0,0,0,0,0,0,0,0,0,0,.000,0,.000,.000,.000,0,0,.---,0,0,0,0,0,0,0,0,.---,-.--,0,-.--,0,1,4,0,5,1.000,0.14,1.50,30.0,37,1,0,0,5.70,30.0,4,2,0,1,6,1,19,1.47,127,90,37,0,0,291,.590,1,0,0,0,.667,16.33,2,1.50,5.40,3.60,9.60,5.70,0.60,31,6,,
663738,Daniel Lynch,24,104,127,70,19,1,19,113,48,2,138,4,.291,474,.357,.456,.813,2,4,.667,9,2164,0,216,0,0,2,6,.---,0.82,0,-.--,24,8,3,1,12,.917,0.46,0.85,117.0,24,0,0,0,5.15,117.0,4,11,0,0,0,0,67,1.59,534,351,24,0,0,1365,.630,4,2,6,1,.267,18.50,0,2.35,8.69,3.69,10.62,5.38,1.46,0,0,,
671221,Drew Waters,14,13,10,6,4,0,1,22,8,0,10,0,.182,55,.286,.309,.595,0,0,.---,1,253,64,17,7,20,0,0,.281,1.30,1,55.00,14,1,31,0,32,1.000,2.29,2.40,120.0,14,0,0,0,,,,,,,,,,,,,,,,,,,,,,,,,,,,,,,,,,
669395,Dylan Coleman,61,49,68,23,12,0,5,63,36,1,40,4,.185,216,.308,.310,.618,1,1,.500,3,1093,0,67,0,0,0,4,.---,0.72,0,-.--,0,3,2,3,8,.625,0.08,0.74,61.0,61,0,0,2,2.66,61.0,4,2,0,2,14,2,18,1.25,260,183,61,0,0,652,.600,4,0,6,0,.667,17.92,9,1.75,9.30,5.31,5.90,3.39,0.74,25,9,,
658668,Edward Olivares,3,24,22,15,4,0,3,24,7,0,30,2,.303,99,.358,.434,.792,3,2,.400,1,440,109,43,12,34,0,1,.370,1.09,0,33.00,1,0,0,0,0,.000,0.00,-.--,0.0,3,0,0,0,,,,,,,,,,,,,,,,,,,,,,,,,,,,,,,,,,
641531,Hunter Dozier,23,103,110,45,24,3,10,113,32,0,99,3,.233,424,.291,.375,.666,3,4,.571,14,1779,460,159,36,217,0,1,.295,0.94,0,42.40,22,0,0,0,0,.000,0.00,-.--,0.0,23,0,0,0,18.00,1.0,0,0,0,0,0,0,2,3.00,6,3,1,0,0,13,.570,0,0,0,0,.---,23.00,1,0.00,0.00,9.00,18.00,18.00,9.00,0,0,,
669169,Jonathan Heasley,18,85,110,55,16,3,17,62,42,0,91,4,.266,342,.348,.480,.828,1,1,.500,9,1541,,164,,,0,6,,0.77,0,,18,5,2,1,8,.875,0.39,0.72,88.1,18,1,0,1,5.09,88.1,3,8,0,0,0,0,50,1.51,394,265,18,0,0,932,.600,4,0,6,1,.273,17.45,0,1.48,6.32,4.28,9.27,5.60,1.73,0,0,,
621016,Jose Cuas,43,38,30,16,9,0,2,33,21,2,36,4,.267,135,.379,.378,.757,1,3,.750,1,623,,51,,,1,1,,1.27,0,,0,7,0,0,7,1.000,0.16,1.85,34.1,43,0,0,0,3.41,34.1,3,2,1,1,10,0,13,1.66,162,103,43,0,0,390,.630,4,0,1,0,.600,18.15,3,1.57,8.65,5.50,9.44,4.19,0.52,32,7,,
663460,Kris Bubic,25,113,123,79,25,1,18,94,55,0,139,2,.300,463,.373,.475,.848,2,4,.667,16,2004,,220,,,0,6,,0.92,0,,24,13,5,2,20,.900,0.72,1.40,116.2,25,0,0,1,5.55,116.2,2,12,0,0,0,0,72,1.66,526,350,25,0,0,1263,.630,2,1,4,0,.143,17.18,1,1.71,7.25,4.24,10.72,6.09,1.39,0,0,,
664728,Kyle Isbel,2,55,64,28,8,4,4,65,13,0,46,3,.203,227,.253,.326,.579,3,9,.750,5,955,246,74,25,111,1,2,.263,0.86,0,56.75,0,0,0,0,0,.000,0.00,-.--,0.0,2,0,0,0,,,,,,,,,,,,,,,,,,,,,,,,,,,,,,,,,,
596133,Luke Weaver,1,0,0,0,0,0,0,0,0,0,0,0,.000,0,.000,.000,.000,0,0,.---,0,0,0,0,0,0,0,0,.---,-.--,0,-.--,0,0,0,0,0,.000,0.00,-.--,0.0,1,0,0,0,6.00,12.0,0,0,0,0,0,0,8,2.08,62,36,10,0,0,166,.620,0,0,2,0,.---,22.42,8,1.71,9.00,5.25,13.50,8.25,0.00,7,5,,
669004,MJ Melendez,21,88,111,45,16,3,15,115,58,1,85,1,.217,392,.314,.388,.702,9,24,.727,2,1884,458,152,52,155,0,7,.260,0.79,0,26.13,20,0,0,0,0,.000,0.00,-.--,0.0,21,0,0,0,,,,,,,,,,,,,,,,,,,,41,0,,,,,,,,,,,,5,4.79
572191,A. Taylor,1,74,104,46,9,3,9,101,34,0,100,2,.267,375,.329,.379,.708,2,3,.600,5,1583,415,142,43,146,1,3,.340,0.71,0,41.67,1,0,0,0,0,.000,0.00,-.--,0.0,1,0,0,0,9.00,2.0,0,0,0,0,0,0,2,3.50,13,6,1,0,0,24,.650,0,0,0,0,.---,18.50,1,1.00,9.00,9.00,22.50,9.00,4.50,0,0,,
686681,Michael Massey,2,29,31,11,8,1,2,30,9,0,33,7,.275,120,.358,.408,.766,0,3,1.000,1,516,139,49,10,54,2,1,.348,0.94,0,60.00,0,0,0,0,0,.000,0.00,-.--,0.0,2,0,0,0,,,,,,,,,,,,,,,,,,,,,,,,,,,,,,,,,,
681987,Nate Eaton,17,13,14,8,2,2,1,25,5,0,16,2,.242,66,.307,.379,.686,0,6,1.000,2,293,75,25,6,32,0,2,.357,0.93,0,66.00,12,0,28,0,28,1.000,1.65,2.38,106.0,17,0,0,0,,,,,,,,,,,,,,,,,,,,,,,,,,,,,,,,,,
670032,Nicky Lopez,51,161,106,50,12,4,0,62,28,0,97,4,.233,416,.287,.281,.568,3,13,.813,7,1676,458,117,19,204,9,1,.273,1.52,0,-.--,44,148,61,4,213,.981,4.10,4.73,398.0,51,41,0,1,18.00,1.0,0,0,0,0,0,0,2,3.00,6,3,1,0,0,7,.440,0,0,0,0,.---,16.00,1,-.--,0.00,0.00,27.00,18.00,18.00,0,0,,
656811,Ryan O'Hearn,14,33,29,12,4,1,1,34,7,0,27,2,.221,122,.273,.295,.568,0,0,.---,2,499,132,36,11,66,0,1,.295,1.14,0,122.00,13,0,0,0,0,.000,0.00,-.--,0.0,14,0,0,0,,,,,,,,,,,,,,,,,,,,,,,,,,,,,,,,,,
521692,Salvador Perez,33,80,114,42,18,1,21,105,15,2,96,6,.245,392,.281,.457,.738,9,19,.679,8,1496,416,179,69,156,0,3,.279,0.70,0,18.67,33,0,0,0,0,.000,0.00,-.--,0.0,33,0,0,0,,,,,,,,,,,,,,,,,,,,27,1,,,,,,,,,,,,1,4.78
605130,Scott Barlow,62,0,0,0,0,0,0,0,0,0,0,0,.000,0,.000,.000,.000,0,0,.---,0,0,0,0,0,0,0,0,.---,-.--,0,-.--,0,2,5,0,7,1.000,0.11,0.95,66.2,62,0,0,0,2.43,66.2,6,4,21,25,6,4,18,1.04,262,200,62,0,0,698,.650,3,0,5,0,.600,16.04,42,3.53,9.05,2.57,6.75,3.10,1.21,35,13,,
665861,Sebastian Rivero,13,4,5,2,0,0,0,8,2,0,4,0,.200,20,.273,.200,.473,1,4,.800,0,95,23,4,1,7,1,0,.333,0.80,0,-.--,6,2,55,0,57,1.000,4.38,8.84,58.0,13,0,0,0,,,,,,,,,,,,,,,,,,,,1,0,,,,,,,,,,,,0,5.12
686469,Vinnie Pasquantino,34,57,60,18,7,0,8,30,24,1,49,3,.253,194,.341,.412,.753,0,0,.---,3,786,223,80,16,81,0,2,.259,0.95,0,24.25,34,0,0,0,0,.000,0.00,-.--,0.0,34,0,0,0,,,,,,,,,,,,,,,,,,,,,,,,,,,,,,,,,,
425844,Zack Greinke,23,136,144,59,25,0,14,67,25,0,137,3,.287,478,.323,.427,.750,2,6,.750,8,2003,,204,,,1,5,,0.94,0,,23,14,17,0,31,1.000,1.35,2.36,118.2,23,1,0,0,4.10,118.2,4,9,0,0,0,0,54,1.37,512,356,23,0,0,1281,.640,3,0,4,1,.308,16.88,0,2.68,5.08,1.90,10.39,4.47,1.06,0,0,,
676265,,13,20,53,17,9,0,8,32,16,0,30,3,.222,135,.318,.467,.785,0,3,1.000,0,605,,63,,,0,0,,0.38,0,,6,1,1,0,2,1.000,0.15,0.51,35.0,13,0,0,0,4.37,35.0,0,2,0,0,0,0,17,1.31,154,105,13,0,0,379,.630,3,0,1,0,.000,17.29,7,2.00,8.23,4.11,7.71,4.37,2.06,2,0,,
668731,Akil Baddoo,2,29,39,17,1,1,1,48,16,0,26,0,.183,142,.266,.225,.491,4,4,.500,2,649,158,32,5,58,0,0,.269,0.74,0,142.00,0,0,0,0,0,.000,0.00,-.--,0.0,2,0,0,0,,,,,,,,,,,,,,,,,,,,,,,,,,,,,,,,,,
656638,Alex Lange,62,58,30,28,6,2,5,77,28,1,42,5,.207,203,.315,.330,.645,0,6,1.000,3,922,,67,,,2,2,,1.93,0,,0,7,4,1,12,.917,0.18,1.80,55.1,62,0,0,0,3.90,55.1,5,4,0,3,16,3,24,1.27,240,166,62,0,0,550,.600,5,0,13,0,.556,16.66,10,2.75,12.52,4.55,6.83,4.55,0.81,21,7,,
605177,Andrew Chafin,55,51,41,24,5,1,5,57,13,0,39,3,.213,183,.272,.333,.605,1,1,.500,6,753,,61,,,2,3,,1.24,0,,0,5,4,2,11,.818,0.16,1.65,49.0,55,1,0,2,3.12,49.0,1,3,1,2,16,1,17,1.06,204,147,55,0,0,481,.640,3,0,3,1,.250,15.37,8,4.38,10.47,2.39,7.16,4.41,0.92,27,5,,
596057,Daniel Norris,8,27,19,11,5,0,4,11,8,0,21,5,.269,78,.374,.487,.861,0,0,.---,4,330,0,38,0,0,0,0,.---,1.42,0,-.--,2,1,3,0,4,1.000,0.50,1.80,20.1,8,0,0,0,4.87,20.1,0,0,0,0,0,0,11,1.43,91,61,8,0,0,197,.600,5,0,1,0,.---,16.23,3,1.38,4.87,3.54,9.30,4.87,1.77,1,0,,
571800,Drew Hutchison,25,93,114,48,16,2,11,58,36,1,96,1,.268,358,.335,.416,.751,1,6,.857,11,1498,,149,,,1,2,,0.82,0,,15,8,6,1,15,.933,0.56,1.38,91.1,25,1,0,1,4.24,91.1,2,8,0,0,0,0,43,1.45,398,274,25,0,0,937,.630,1,0,3,1,.200,16.40,3,1.61,5.72,3.55,9.46,4.73,1.08,1,0,,
593958,Eduardo Rodriguez,13,58,84,41,15,0,9,52,26,0,66,0,.256,258,.323,.419,.742,0,4,1.000,6,1097,,108,,,1,1,,0.69,0,,13,5,3,0,8,1.000,0.62,1.09,66.0,13,1,0,0,4.50,66.0,3,5,0,0,0,0,33,1.39,286,198,13,0,0,692,.630,0,0,1,0,.375,16.62,0,2.00,7.09,3.55,9.00,5.59,1.23,0,0,,
606992,Eric Haase,11,62,65,35,16,1,12,91,21,0,72,1,.251,287,.301,.439,.740,9,24,.727,8,1240,312,126,40,124,0,3,.321,0.95,0,23.92,8,0,0,0,0,.000,0.00,-.--,0.0,11,0,0,0,,,,,,,,,,,,,,,,,,,,28,0,,,,,,,,,,,,4,4.21
682051,Garrett Hill,12,50,71,24,10,0,7,30,23,0,44,3,.226,195,.317,.385,.702,1,4,.800,4,849,,75,,,0,0,,0.70,0,,8,2,3,1,6,.833,0.42,0.88,51.2,12,0,0,1,3.83,51.2,3,3,0,0,0,0,22,1.30,221,155,12,0,0,530,.620,3,0,1,0,.500,16.43,0,1.30,5.23,4.01,7.66,4.18,1.22,0,0,,
642397,Gregory Soto,55,45,52,27,12,1,2,54,30,1,43,7,.224,192,.348,.328,.676,0,0,.---,8,972,,63,,,1,1,,0.87,0,,0,6,0,0,6,1.000,0.11,1.02,53.0,55,0,0,0,3.40,53.0,2,8,25,27,1,2,20,1.38,231,159,55,0,0,599,.620,7,0,2,0,.200,18.34,46,1.80,9.17,5.09,7.30,4.58,0.34,9,2,,
605612,Harold Castro,8,107,101,35,19,2,6,71,16,1,100,1,.267,374,.298,.377,.675,1,0,.000,5,1500,396,141,41,134,3,2,.314,1.06,0,62.33,7,0,0,0,0,.000,0.00,-.--,0.0,8,0,0,0,4.50,4.0,0,0,0,0,0,0,2,1.75,18,12,4,0,0,34,.680,1,0,0,0,.---,12.50,3,1.00,2.25,2.25,13.50,4.50,0.00,0,0,,
671345,Jason Foley,53,75,42,20,5,1,1,38,10,0,58,2,.274,212,.313,.321,.634,2,3,.600,7,843,,68,,,1,0,,1.79,0,,0,7,2,0,9,1.000,0.17,1.50,54.2,53,1,0,0,3.13,54.2,1,0,0,0,5,0,19,1.24,225,164,53,0,0,569,.670,2,1,0,0,1.000,15.42,14,3.80,6.26,1.65,9.55,3.29,0.16,20,9,,
595879,Javier Baez,5,140,106,54,26,4,13,132,25,0,117,5,.238,492,.280,.386,.666,2,9,.818,13,1884,525,190,56,205,0,3,.297,1.32,0,37.85,5,0,0,0,0,.000,0.00,-.--,0.0,5,0,0,0,,,,,,,,,,,,,,,,,,,,,,,,,,,,,,,,,,
600869,Jeimer Candelario,6,101,110,45,15,2,13,102,26,1,79,6,.202,391,.262,.350,.612,1,0,.000,8,1580,424,137,45,153,0,1,.238,0.92,0,30.08,5,0,0,0,0,.000,0.00,-.--,0.0,6,0,0,0,,,,,,,,,,,,,,,,,,,,,,,,,,,,,,,,,,
641729,Joe Jimenez,61,31,60,22,9,2,3,76,13,0,46,0,.217,212,.261,.321,.582,1,6,.857,2,923,,68,,,0,1,,0.52,0,,0,1,1,0,2,1.000,0.03,0.32,56.0,61,0,0,0,3.21,56.0,3,2,2,4,10,2,20,1.05,226,168,61,0,0,636,.690,0,0,0,0,.600,16.48,12,5.85,12.21,2.09,7.39,3.54,0.48,8,2,,
666214,Joey Wentz,4,19,17,8,3,1,1,15,4,0,14,1,.222,63,.271,.349,.620,1,0,.000,0,306,,22,,,0,2,,1.12,0,,4,4,0,0,4,1.000,1.00,2.12,17.1,4,0,0,0,4.15,17.1,1,2,0,0,0,0,8,1.04,70,52,4,0,0,189,.620,1,0,2,1,.333,17.65,0,3.75,7.79,2.08,7.27,4.15,0.52,0,0,,
570731,Jonathan Schoop,1,131,122,42,21,1,10,100,16,1,89,4,.203,439,.236,.323,.559,0,5,1.000,13,1641,462,142,35,204,0,3,.238,1.07,0,43.90,1,0,0,0,0,.000,0.00,-.--,0.0,1,0,0,0,,,,,,,,,,,,,,,,,,,,,,,,,,,,,,,,,,
542585,Jose Cisnero,20,14,25,4,2,0,0,11,12,0,11,0,.180,61,.315,.213,.528,0,0,.---,3,287,,13,,,0,0,,0.56,0,,0,1,0,0,1,1.000,0.05,0.53,17.2,20,0,0,0,1.53,17.2,1,0,0,0,2,0,3,1.30,73,53,20,0,0,170,.590,0,0,1,0,1.000,16.25,5,0.92,5.60,6.11,5.60,2.04,0.00,5,0,,
681481,Kerry Carpenter,10,17,17,12,4,1,4,24,5,0,20,2,.260,77,.318,.494,.812,0,0,.---,0,322,85,38,7,28,0,1,.320,1.00,0,19.25,10,0,0,0,0,.000,0.00,-.--,0.0,10,0,0,0,,,,,,,,,,,,,,,,,,,,,,,,,,,,,,,,,,
665019,Kody Clemens,3,28,35,11,4,0,4,30,8,0,16,0,.150,107,.205,.299,.504,0,1,1.000,1,469,117,32,13,37,0,2,.160,0.80,0,26.75,0,0,0,0,0,.000,0.00,-.--,0.0,3,0,0,0,4.50,6.0,0,0,0,0,0,0,3,1.83,28,18,6,0,0,50,.680,0,0,0,0,.---,12.33,5,1.00,1.50,1.50,15.00,4.50,0.00,0,0,,
666159,Matt Manning,11,59,68,22,7,0,5,44,14,0,51,1,.234,218,.278,.335,.613,2,2,.500,1,888,,73,,,0,4,,0.87,0,,11,6,4,0,10,1.000,0.91,1.58,57.2,11,0,0,0,3.28,57.2,2,2,0,0,0,0,21,1.13,237,173,11,0,0,587,.660,1,0,2,0,.500,15.40,0,3.14,6.87,2.18,7.96,3.43,0.78,0,0,,
682985,Riley Greene,76,88,46,39,13,4,5,100,27,0,79,2,.253,312,.316,.369,.685,4,1,.200,8,1377,342,115,31,117,0,1,.356,1.91,0,62.40,76,0,200,2,202,.990,2.63,2.72,661.2,76,0,0,0,,,,,,,,,,,,,,,,,,,,,,,,,,,,,,,,,,
668952,Ryan Kreidler,5,10,9,4,1,0,1,12,3,0,7,0,.189,37,.244,.297,.541,0,0,.---,0,180,41,11,2,13,0,1,.240,1.11,0,37.00,2,9,2,0,11,1.000,2.20,3.96,25.0,5,1,0,0,,,,,,,,,,,,,,,,,,,,,,,,,,,,,,,,,,
679529,Spencer Torkelson,93,74,85,29,13,1,6,83,33,0,62,5,.205,302,.292,.315,.607,1,0,.000,12,1361,342,95,24,140,0,2,.260,0.87,0,50.33,90,44,689,1,734,.999,7.88,8.38,787.1,93,66,0,0,,,,,,,,,,,,,,,,,,,,,,,,,,,,,,,,,,
571466,Tucker Barnhart,1,76,53,13,8,0,1,69,22,0,52,1,.208,250,.275,.252,.527,20,44,.688,5,1062,273,63,14,102,0,0,.283,1.43,1,250.00,0,0,0,0,0,.000,0.00,0.00,1.0,1,0,0,0,9.00,1.0,0,0,0,0,0,0,1,3.00,5,3,1,0,0,12,.710,0,0,21,0,.---,17.00,1,-.--,0.00,0.00,27.00,9.00,0.00,0,0,3,4.06
641302,Tyler Alexander,23,71,113,50,19,1,14,41,17,1,90,1,.293,307,.326,.498,.824,3,6,.667,6,1243,,153,,,2,6,,0.63,0,,13,6,2,1,9,.889,0.35,0.94,77.1,23,0,0,0,5.35,77.1,3,10,0,0,1,0,46,1.38,333,232,23,0,0,826,.660,1,0,0,1,.231,16.07,1,2.41,4.77,1.98,10.47,5.82,1.63,13,6,,
622682,Victor Reyes,4,72,68,22,17,3,1,65,12,0,73,2,.266,274,.298,.361,.659,2,2,.500,6,1107,292,99,27,97,0,4,.340,1.06,0,274.00,2,0,0,0,0,.000,0.00,-.--,0.0,4,0,0,0,,,,,,,,,,,,,,,,,,,,,,,,,,,,,,,,,,
676684,Will Vest,51,59,48,26,6,0,4,58,20,0,52,2,.250,208,.312,.337,.649,3,1,.250,4,957,,70,,,2,7,,1.23,1,,0,5,5,1,11,.909,0.20,1.61,56.1,51,0,0,1,3.83,56.1,3,3,1,1,3,0,24,1.28,240,169,51,0,0,615,.640,2,0,6,0,.500,16.99,8,2.90,9.27,3.20,8.31,4.15,0.64,26,8,,
650489,Willi Castro,4,91,100,43,17,2,6,77,14,0,83,8,.239,347,.282,.352,.634,4,7,.636,4,1376,373,122,28,148,1,3,.288,0.91,0,57.83,0,0,0,0,0,.000,0.00,-.--,0.0,4,0,0,0,,,,,,,,,,,,,,,,,,,,,,,,,,,,,,,,,,
676265,,13,20,53,17,9,0,8,32,16,0,30,3,.222,135,.318,.467,.785,0,3,1.000,0,605,,63,,,0,0,,0.38,0,,6,1,1,0,2,1.000,0.15,0.51,35.0,13,0,0,0,4.37,35.0,0,2,0,0,0,0,17,1.31,154,105,13,0,0,379,.630,3,0,1,0,.000,17.29,7,2.00,8.23,4.11,7.71,4.37,2.06,2,0,,
